teste3 = [
0	0	0	100;
0	0	0	200;
0	0	0	300;
0	0	0	400;
0	0	0	500;
0	0	0	600;
0.5	0	6	700;
0.5	0.029	6	801;
0.5	0.058	6	901;
0.5	0.087	6	1001;
0.5	0.1305	6	1101;
0.5	0.1595	6	1201;
0.5	0.203	6	1302;
0.5	0.2175	6	1402;
0.5	0.232	6	1502;
0.5	0.2755	6	1602;
0.5	0.29	6	1702;
0.5	0.319	6	1802;
0.5	0.3335	6	1902;
0.5	0.3625	6	2002;
0.5	0.377	6	2103;
0.5	0.406	6	2203;
0.5	0.4205	6	2303;
0.5	0.435	6	2403;
0.5	0.4495	6	2503;
0.5	0.464	6	2603;
0.5	0.4785	6	2703;
0.5	0.4785	6	2803;
0.5	0.493	6	2904;
0.5	0.5075	6	3004;
0.5	0.5075	6	3104;
0.5	0.551	6	3204;
0.5	0.5365	6	3304;
0.5	0.5365	6	3404;
0.5	0.5945	6	3504;
0.5	0.5655	6	3604;
0.5	0.551	6	3705;
0.5	0.5655	6	3805;
0.5	0.551	6	3905;
0.5	0.58	6	4005;
0.5	0.5945	6	4105;
0.5	0.5945	6	4205;
0.55	0.5945	6.6	4305;
0.55	0.609	6.6	4406;
0.55	0.6235	6.6	4506;
0.55	0.6235	6.6	4606;
0.55	0.638	6.6	4706;
0.55	0.667	6.6	4806;
0.55	0.6525	6.6	4906;
0.55	0.667	6.6	5006;
0.55	0.667	6.6	5106;
0.55	0.6815	6.6	5207;
0.55	0.696	6.6	5307;
0.55	0.696	6.6	5407;
0.55	0.7395	6.6	5507;
0.45	0.7685	5.4	5607;
0.45	0.696	5.4	5708;
0.45	0.6815	5.4	5808;
0.45	0.696	5.4	5908;
0.45	0.6815	5.4	6008;
0.45	0.6815	5.4	6108;
0.45	0.696	5.4	6208;
0.45	0.667	5.4	6309;
0.45	0.6815	5.4	6409;
0.45	0.667	5.4	6509;
0.45	0.667	5.4	6609;
0.45	0.667	5.4	6709;
0.45	0.667	5.4	6810;
0.45	0.667	5.4	6910;
0.5	0.667	6	7010;
0.5	0.667	6	7110;
0.5	0.667	6	7210;
0.5	0.667	6	7311;
0.5	0.6815	6	7411;
0.5	0.6815	6	7511;
0.5	0.6815	6	7611;
0.5	0.667	6	7712;
0.5	0.667	6	7812;
0.5	0.232	6	7912;
0.5	0.145	6	8013;
0.5	0.0725	6	8113;
0.5	0.058	6	8213;
0.5	0.0145	6	8313;
0.5	0	6	8413;
0.5	0	6	8514;
0.5	0.0145	6	8614;
0.5	0.0145	6	8714;
0.5	0.0145	6	8815;
0.5	0.0145	6	8915;
0.5	0.0145	6	9015;
0.5	0.029	6	9115;
0.5	0.029	6	9217;
0.5	0.029	6	9317;
0.5	0.0725	6	9417;
0.5	0.1015	6	9517;
0.5	0.029	6	9617;
0.5	0	6	9718];