teste1 = [
0.5	0.406	6	41986;
0.5	0.435	6	42086;
0.5	0.4495	6	42186;
0.5	0.464	6	42287;
0.5	0.464	6	42387;
0.5	0.464	6	42488;
0.5	0.9715	6	42589;
0.5	0.5075	6	42689;
0.5	0.522	6	42789;
0.5	0.522	6	42889;
0.5	0.5365	6	42989;
0.5	0.5655	6	43089;
0.5	0.5365	6	43190;
0.5	0.5655	6	43290;
0.5	0.551	6	43390;
0.5	0.5655	6	43490;
0.55	0.58	6.6	43591;
0.55	0.58	6.6	43691;
0.55	0.638	6.6	43791;
0.55	0.6235	6.6	43891;
0.55	0.609	6.6	43991;
0.55	0.609	6.6	44091;
0.55	0.638	6.6	44192;
0.55	0.638	6.6	44292;
0.55	0.638	6.6	44392;
0.55	0.6525	6.6	44492;
0.55	0.6525	6.6	44592;
0.55	0.667	6.6	44693;
0.55	0.6815	6.6	44793;
0.45	0.667	5.4	44893;
0.45	0.6815	5.4	44993;
0.45	0.696	5.4	45093;
0.45	0.6815	5.4	45194;
0.45	0.667	5.4	45294;
0.45	0.6815	5.4	45394;
0.45	0.6815	5.4	45494;
0.45	0.667	5.4	45594;
0.45	0.667	5.4	45694;
0.45	0.667	5.4	45795;
0.45	0.667	5.4	45895;
0.5	0.6525	6	45995;
0.5	0.667	6	46095;
0.5	0.6815	6	46195];