teste2 = [
0.5	0	6	2202;
0.5	0.029	6	2303;
0.5	0.087	6	2403;
0.5	0.145	6	2503;
0.5	0.2175	6	2603;
0.5	0.2465	6	2703;
0.5	0.2755	6	2803;
0.5	0.3045	6	2903;
0.5	0.3335	6	3004;
0.5	0.348	6	3104;
0.5	0.3625	6	3204;
0.5	0.377	6	3304;
0.5	0.4205	6	3404;
0.5	0.435	6	3504;
0.5	0.4495	6	3604;
0.5	0.4495	6	3704;
0.5	0.4495	6	3805;
0.5	0.4785	6	3905;
0.5	0.5075	6	4005;
0.5	0.493	6	4105;
0.5	0.493	6	4205;
0.5	0.5365	6	4305;
0.5	0.5075	6	4406;
0.5	0.522	6	4506;
0.5	0.5365	6	4606;
0.5	0.5365	6	4706;
0.5	0.551	6	4806;
0.5	0.551	6	4906;
0.5	0.5655	6	5007;
0.5	0.5655	6	5107;
0.5	0.5945	6	5207;
0.55	0.5945	6.6	5307;
0.55	0.5945	6.6	5407;
0.55	0.609	6.6	5508;
0.55	0.609	6.6	5608;
0.55	0.638	6.6	5708;
0.55	0.6235	6.6	5808;
0.55	0.638	6.6	5909;
0.55	0.6525	6.6	6009;
0.55	0.638	6.6	6109;
0.55	0.667	6.6	6210;
0.55	0.667	6.6	6310;
0.55	0.6815	6.6	6411;
0.45	0.667	5.4	6511;
0.45	0.667	5.4	6612;
0.45	0.667	5.4	6712;
0.45	0.667	5.4	6812;
0.45	0.667	5.4	6912;
0.45	0.638	5.4	7013;
0.45	0.667	5.4	7113];