0	0	0	100
0	0	0	200
0	0	0	300
0	0	0	400
0	0	0	500
0	0	0	601
0	0	0	701
0	0	0	801
0	0	0	901
0	0	0	1001
0	0	0	1101
0	0	0	1202
0	0	0	1302
0	0	0	1402
0.5	0	12	1502
on_left_right_arrow_release
0.5	0.093332	12	1602
0.5	0.186664	12	1703
0.5	0.279996	12	1803
0.5	0.419994	12	1903
0.5	0.559992	12	2003
0.5	0.606658	12	2103
0.5	0.69999	12	2203
0.5	0.793322	12	2303
0.5	0.886654	12	2403
0.5	0.93332	12	2504
0.5	1.07332	12	2604
0.5	1.11998	12	2704
0.5	1.21332	12	2804
0.5	1.25998	12	2904
0.5	1.35331	12	3004
0.5	1.35331	12	3105
0.5	1.44665	12	3205
0.5	1.53998	12	3305
0.5	1.53998	12	3405
0.5	1.58664	12	3505
on_up_down_arrow_release
0.6	1.67998	14.4	3605
0.6	1.72664	14.4	3705
0.6	1.81997	14.4	3806
0.6	1.86664	14.4	3906
0.6	1.91331	14.4	4006
0.6	1.95997	14.4	4106
0.6	2.0533	14.4	4206
0.6	2.09997	14.4	4306
0.6	2.09997	14.4	4406
0.6	2.1933	14.4	4506
0.6	2.1933	14.4	4607
0.6	2.23997	14.4	4707
0.6	2.28663	14.4	4807
0.6	2.3333	14.4	4907
0.6	2.37997	14.4	5007
0.6	2.42663	14.4	5108
0.6	2.4733	14.4	5208
0.6	2.51996	14.4	5308
0.6	2.56663	14.4	5408
0.6	2.51996	14.4	5508
0.6	2.6133	14.4	5608
0.6	2.6133	14.4	5708
0.6	2.65996	14.4	5809
0.6	2.65996	14.4	5909
0.6	5.41326	14.4	6009
0.6	2.70663	14.4	6109
0.6	2.75329	14.4	6209
0.6	2.75329	14.4	6309
0.6	2.79996	14.4	6409
0.6	2.79996	14.4	6509
0.6	2.79996	14.4	6610
0.6	2.84663	14.4	6710
0.6	2.89329	14.4	6810
0.6	2.84663	14.4	6910
0.6	2.84663	14.4	7010
0.6	2.89329	14.4	7110
0.6	2.89329	14.4	7210
0.6	2.89329	14.4	7310
0.6	2.93996	14.4	7411
0.6	2.89329	14.4	7511
0.6	2.98662	14.4	7611
0.6	2.98662	14.4	7711
0.6	2.93996	14.4	7811
0.6	3.03329	14.4	7911
0.6	2.98662	14.4	8011
0.6	2.98662	14.4	8111
0.6	3.03329	14.4	8212
0.6	3.03329	14.4	8312
0.6	2.98662	14.4	8412
0.6	3.03329	14.4	8512
0.6	2.98662	14.4	8612
0.6	3.07996	14.4	8712
0.6	3.03329	14.4	8813
0.6	3.07996	14.4	8913
0.6	3.07996	14.4	9013
0.6	3.03329	14.4	9113
0.6	3.12662	14.4	9213
0.6	3.12662	14.4	9313
0.6	3.07996	14.4	9413
0.6	3.12662	14.4	9513
0.6	3.17329	14.4	9614
0.6	3.07996	14.4	9714
0.6	3.12662	14.4	9814
0.6	3.12662	14.4	9914
0.6	3.17329	14.4	10014
0.6	3.21995	14.4	10114
0.6	3.07996	14.4	10214
0.6	3.17329	14.4	10315
on_up_down_arrow_release
0.6	3.07996	14.4	10415
0.4	3.17329	9.6	10515
0.4	3.07996	9.6	10615
0.4	3.03329	9.6	10715
0.4	2.98662	9.6	10816
0.4	2.93996	9.6	10916
0.4	2.93996	9.6	11016
0.4	2.84663	9.6	11116
0.4	2.56663	9.6	11216
0.4	2.70663	9.6	11316
0.4	2.70663	9.6	11417
0.4	2.70663	9.6	11517
0.4	2.6133	9.6	11617
0.4	2.6133	9.6	11717
0.4	2.51996	9.6	11817
0.4	2.56663	9.6	11917
0.4	2.51996	9.6	12018
0.4	2.51996	9.6	12118
0.4	2.4733	9.6	12218
0.4	2.4733	9.6	12318
0.4	2.4733	9.6	12418
0.4	2.42663	9.6	12519
0.4	2.37997	9.6	12619
0.4	2.37997	9.6	12719
0.4	2.3333	9.6	12819
0.4	2.3333	9.6	12919
0.4	2.3333	9.6	13020
0.4	2.3333	9.6	13120
0.4	2.28663	9.6	13220
0.4	2.28663	9.6	13320
0.4	2.28663	9.6	13420
0.4	2.23997	9.6	13520
0.4	2.23997	9.6	13621
0.4	2.1933	9.6	13721
0.4	2.23997	9.6	13821
0.4	2.1933	9.6	13921
0.4	2.1933	9.6	14022
0.4	2.1933	9.6	14122
0.4	2.14664	9.6	14222
0.4	2.14664	9.6	14322
0.4	2.14664	9.6	14423
0.4	2.09997	9.6	14523
0.4	2.0533	9.6	14623
0.4	2.14664	9.6	14723
0.4	2.09997	9.6	14823
0.4	2.09997	9.6	14924
0.4	2.0533	9.6	15024
0.4	2.0533	9.6	15124
0.4	2.0533	9.6	15224
0.4	2.0533	9.6	15324
0.4	2.0533	9.6	15425
0.4	2.00664	9.6	15525
0.4	2.00664	9.6	15625
0.4	2.00664	9.6	15725
0.4	2.00664	9.6	15825
0.4	2.00664	9.6	15925
0.4	1.95997	9.6	16026
0.4	2.00664	9.6	16126
0.4	1.95997	9.6	16226
0.4	2.00664	9.6	16326
0.4	1.95997	9.6	16426
0.4	1.95997	9.6	16527
0.4	2.00664	9.6	16627
0.4	1.95997	9.6	16727
0.4	1.91331	9.6	16827
0.4	1.95997	9.6	16927
0.4	1.91331	9.6	17027
0.4	1.91331	9.6	17128
0.4	1.91331	9.6	17228
0.4	1.91331	9.6	17328
on_left_right_arrow_release
0	1.86664	0	17428
0	1.81997	0	17528
0	1.72664	0	17629
0	1.67998	0	17729
0	1.58664	0	17829
0	1.53998	0	17929
0	1.44665	0	18029
0	1.35331	0	18130
0	1.35331	0	18230
0	1.21332	0	18330
0	1.11998	0	18430
0	1.11998	0	18530
0	0.93332	0	18630
0	0.979986	0	18731
0	0.886654	0	18831
0	0.793322	0	18931
0	0.793322	0	19031
0	0.69999	0	19131
0	0.69999	0	19231
0	0.606658	0	19332
0	0.606658	0	19432
0	0.559992	0	19532
0	0.46666	0	19632
0	0.46666	0	19732
0	0.419994	0	19832
0	0.373328	0	19932
0	0.373328	0	20033
0	0.326662	0	20133
0	0.279996	0	20233
0	0.23333	0	20333
0	0.186664	0	20433
0	0.139998	0	20533
0	0.139998	0	20633
0	0.046666	0	20733
0	0.046666	0	20834
0	0.046666	0	20934
0	0	0	21034
0	0.046666	0	21134
0	0	0	21234
0	0	0	21334
0	0	0	21434

