0	0	0	100
0	0	0	200
0	0	0	300
0	0	0	400
on_left_right_arrow_release
0	0	0	500
0.5	0	12	600
0.5	0.046666	12	701
0.5	0.139998	12	801
0.5	0.279996	12	901
0.5	0.373328	12	1001
0.5	0.46666	12	1101
0.5	0.559992	12	1202
0.5	0.653324	12	1302
0.5	0.69999	12	1402
0.5	0.793322	12	1502
0.5	0.886654	12	1602
0.5	0.886654	12	1702
0.5	0.979986	12	1802
0.5	1.07332	12	1903
0.5	1.11998	12	2003
0.5	1.21332	12	2103
0.5	1.25998	12	2203
0.5	1.35331	12	2303
0.5	1.35331	12	2403
0.5	1.39998	12	2503
0.5	1.44665	12	2604
0.5	1.53998	12	2704
0.5	1.53998	12	2804
0.5	1.63331	12	2904
0.5	1.58664	12	3004
0.5	1.67998	12	3104
0.5	1.67998	12	3204
0.5	1.72664	12	3305
0.5	1.72664	12	3405
0.5	1.81997	12	3505
0.5	1.77331	12	3605
0.5	1.81997	12	3705
0.5	1.86664	12	3805
0.5	1.81997	12	3905
0.5	1.91331	12	4005
0.5	1.91331	12	4106
0.5	1.95997	12	4206
0.5	1.91331	12	4306
0.5	1.95997	12	4406
0.5	1.91331	12	4506
0.5	2.00664	12	4606
0.5	2.0533	12	4706
0.5	2.00664	12	4807
0.5	2.0533	12	4907
0.5	2.00664	12	5007
0.5	2.09997	12	5107
0.5	2.0533	12	5207
0.5	2.14664	12	5307
0.5	2.09997	12	5408
0.5	2.14664	12	5508
0.5	2.1933	12	5608
0.5	2.1933	12	5708
0.5	2.14664	12	5808
0.5	2.14664	12	5909
0.5	2.1933	12	6009
0.5	2.14664	12	6109
0.5	2.14664	12	6209
0.5	2.14664	12	6309
0.5	2.1933	12	6410
0.5	2.1933	12	6510
0.5	2.1933	12	6610
0.5	2.1933	12	6710
0.5	2.1933	12	6810
0.5	2.23997	12	6911
0.5	2.1933	12	7011
0.5	2.23997	12	7111
0.5	2.23997	12	7211
0.5	2.23997	12	7311
0.5	2.28663	12	7411
0.5	2.28663	12	7512
0.5	2.23997	12	7612
0.5	2.28663	12	7712
0.5	2.28663	12	7812
0.5	2.28663	12	7912
0.5	2.28663	12	8013
0.5	2.28663	12	8113
0.5	2.3333	12	8213
0.5	2.28663	12	8314
0.5	2.3333	12	8414
0.5	2.28663	12	8514
0.5	2.3333	12	8614
0.5	2.42663	12	8714
0.5	2.28663	12	8814
0.5	2.37997	12	8915
0.5	2.3333	12	9015
0.5	2.28663	12	9115
0.5	2.3333	12	9215
0.5	2.3333	12	9315
0.5	2.3333	12	9416
0.5	2.3333	12	9516
0.5	2.3333	12	9616
0.5	2.28663	12	9716
0.5	2.3333	12	9817
0.5	2.3333	12	9917
0.5	2.3333	12	10017
0.5	2.37997	12	10117
0.5	2.42663	12	10217
0.5	2.3333	12	10318
0.5	2.37997	12	10418
0.5	2.3333	12	10518
0.5	2.3333	12	10618
0.5	2.3333	12	10718
0.5	2.37997	12	10819
0.5	2.37997	12	10919
0.5	2.3333	12	11019
0.5	2.3333	12	11120
0.6	2.3333	14.4	11220
on_up_down_arrow_release
0.6	2.3333	14.4	11320
0.6	2.37997	14.4	11420
0.6	2.42663	14.4	11521
0.6	2.4733	14.4	11621
0.6	2.51996	14.4	11721
0.6	2.4733	14.4	11822
0.6	2.6133	14.4	11922
0.6	2.51996	14.4	12022
0.6	2.56663	14.4	12122
0.6	2.56663	14.4	12222
0.6	2.65996	14.4	12322
0.6	2.56663	14.4	12423
0.6	2.65996	14.4	12523
0.6	2.6133	14.4	12623
0.6	2.65996	14.4	12725
0.6	2.65996	14.4	12825
0.6	2.65996	14.4	12926
0.6	2.70663	14.4	13026
0.6	2.70663	14.4	13126
0.6	2.70663	14.4	13227
0.6	2.70663	14.4	13327
0.6	2.79996	14.4	13427
0.6	2.75329	14.4	13527
0.6	2.75329	14.4	13628
0.6	2.75329	14.4	13728
0.6	2.75329	14.4	13828
0.6	2.75329	14.4	13928
0.6	2.79996	14.4	14028
0.6	2.75329	14.4	14129
0.6	2.75329	14.4	14229
0.6	2.79996	14.4	14329
0.6	2.75329	14.4	14429
0.6	2.75329	14.4	14529
0.6	2.84663	14.4	14629
0.6	2.79996	14.4	14730
0.6	2.84663	14.4	14830
0.6	2.84663	14.4	14930
0.6	2.79996	14.4	15030
0.6	2.89329	14.4	15130
0.6	2.89329	14.4	15231
0.6	2.89329	14.4	15331
0.6	2.89329	14.4	15431
0.6	2.84663	14.4	15531
0.6	2.89329	14.4	15632
0.6	2.89329	14.4	15732
0.6	2.84663	14.4	15832
0.6	2.89329	14.4	15932
0.6	2.84663	14.4	16032
0.6	2.84663	14.4	16132
0.6	2.93996	14.4	16233
0.6	2.84663	14.4	16333
0.6	2.89329	14.4	16433
0.6	2.89329	14.4	16533
0.6	2.89329	14.4	16633
0.6	2.84663	14.4	16734
0.6	2.93996	14.4	16834
0.6	2.84663	14.4	16934
0.6	2.89329	14.4	17034
0.6	2.89329	14.4	17134
0.6	2.89329	14.4	17235
0.6	2.89329	14.4	17335
0.6	2.89329	14.4	17435
0.6	2.89329	14.4	17535
0.6	2.89329	14.4	17635
0.6	2.89329	14.4	17736
0.6	2.93996	14.4	17836
0.6	2.89329	14.4	17936
0.6	2.89329	14.4	18036
0.6	2.93996	14.4	18136
0.6	2.93996	14.4	18236
0.6	5.83325	14.4	18337
0.6	2.89329	14.4	18437
0.6	2.89329	14.4	18537
0.6	2.93996	14.4	18637
0.6	2.89329	14.4	18737
0.6	2.93996	14.4	18838
0.6	2.98662	14.4	18938
0.6	2.93996	14.4	19038
0.6	2.93996	14.4	19138
0.6	2.89329	14.4	19238
0.6	2.93996	14.4	19338
0.6	2.84663	14.4	19439
0.6	3.03329	14.4	19539
0.6	2.89329	14.4	19639
0.6	2.89329	14.4	19739
0.6	2.84663	14.4	19839
0.6	2.84663	14.4	19940
0.6	2.89329	14.4	20040
0.6	2.89329	14.4	20140
0.6	2.84663	14.4	20240
0.6	2.84663	14.4	20341
0.6	2.84663	14.4	20441
0.6	2.89329	14.4	20541
0.6	2.89329	14.4	20641
0.6	2.84663	14.4	20742
0.6	2.98662	14.4	20842
0.6	2.84663	14.4	20942
0.6	2.84663	14.4	21043
0.6	2.89329	14.4	21143
0.6	2.84663	14.4	21243
0.6	2.93996	14.4	21343
0.6	2.84663	14.4	21444
0.6	2.79996	14.4	21544
0.6	2.84663	14.4	21644
0.6	2.84663	14.4	21744
0.6	2.84663	14.4	21844
0.6	2.84663	14.4	21944
0.6	2.84663	14.4	22045
0.6	2.84663	14.4	22145
0.6	2.84663	14.4	22245
0.6	2.89329	14.4	22345
0.6	2.93996	14.4	22445
0.6	2.89329	14.4	22546
0.6	2.84663	14.4	22646
0.6	2.89329	14.4	22746
0.6	2.93996	14.4	22846
0.6	2.89329	14.4	22946
0.6	2.89329	14.4	23046
0.6	2.84663	14.4	23147
0.6	2.93996	14.4	23247
0.6	2.89329	14.4	23347
0.6	2.89329	14.4	23447
0.6	2.89329	14.4	23547
on_up_down_arrow_release
0.4	2.93996	9.6	23648
0.4	2.84663	9.6	23748
0.4	2.79996	9.6	23848
0.4	2.79996	9.6	23948
0.4	2.70663	9.6	24048
0.4	2.70663	9.6	24148
0.4	2.70663	9.6	24249
0.4	2.6133	9.6	24349
0.4	2.56663	9.6	24449
0.4	2.4733	9.6	24549
0.4	2.4733	9.6	24649
0.4	2.4733	9.6	24749
0.4	2.42663	9.6	24850
0.4	2.42663	9.6	24950
0.4	2.37997	9.6	25050
0.4	2.37997	9.6	25150
0.4	2.3333	9.6	25250
0.4	2.3333	9.6	25351
0.4	2.3333	9.6	25451
0.4	2.28663	9.6	25551
0.4	2.23997	9.6	25651
0.4	2.28663	9.6	25751
0.4	2.1933	9.6	25851
0.4	2.1933	9.6	25952
0.4	2.14664	9.6	26052
0.4	2.1933	9.6	26152
0.4	2.14664	9.6	26252
0.4	2.14664	9.6	26352
0.4	2.09997	9.6	26452
0.4	2.0533	9.6	26553
0.4	2.0533	9.6	26653
0.4	2.09997	9.6	26753
0.4	2.0533	9.6	26853
0.4	2.09997	9.6	26953
0.4	2.0533	9.6	27054
0.4	2.0533	9.6	27154
0.4	2.0533	9.6	27254
0.4	2.00664	9.6	27354
0.4	2.00664	9.6	27454
0.4	1.95997	9.6	27554
0.4	1.95997	9.6	27654
0.4	1.95997	9.6	27755
0.4	1.95997	9.6	27855
0.4	1.91331	9.6	27955
0.4	1.91331	9.6	28055
0.4	1.91331	9.6	28155
0.4	1.91331	9.6	28256
0.4	1.91331	9.6	28356
0.4	1.86664	9.6	28456
0.4	1.86664	9.6	28556
0.4	1.91331	9.6	28656
0.4	1.86664	9.6	28756
0.4	1.86664	9.6	28857
0.4	1.86664	9.6	28957
0.4	1.86664	9.6	29057
0.4	1.86664	9.6	29157
0.4	1.91331	9.6	29257
0.4	1.86664	9.6	29357
0.4	1.91331	9.6	29458
0.4	1.91331	9.6	29558
0.4	1.86664	9.6	29658
0.4	1.91331	9.6	29758
0.4	1.91331	9.6	29858
0.4	1.86664	9.6	29958
0.4	1.86664	9.6	30058
0.4	1.86664	9.6	30158
0.4	1.77331	9.6	30259
0.4	1.81997	9.6	30359
0.4	1.77331	9.6	30459
0.4	1.81997	9.6	30559
0.4	1.77331	9.6	30659
0.4	1.77331	9.6	30759
0.4	1.77331	9.6	30859
0.4	1.72664	9.6	30960
0.4	1.77331	9.6	31060
0.4	1.72664	9.6	31160
0.4	1.72664	9.6	31260
0.4	1.77331	9.6	31360
0.4	1.72664	9.6	31460
0.4	1.77331	9.6	31560
0.4	1.77331	9.6	31660
0.4	1.72664	9.6	31761
0.4	1.77331	9.6	31861
0.4	1.72664	9.6	31961
0.4	1.67998	9.6	32061
0.4	1.72664	9.6	32161
0.4	1.67998	9.6	32261
0.4	1.72664	9.6	32362
0.4	1.67998	9.6	32462
0.4	1.67998	9.6	32562
0.4	1.72664	9.6	32662
0.4	1.67998	9.6	32762
0.4	1.67998	9.6	32862
0.4	1.72664	9.6	32963
0.4	1.67998	9.6	33063
0.4	1.72664	9.6	33163
0.4	1.72664	9.6	33263
0.4	1.67998	9.6	33363
0.4	1.77331	9.6	33464
0.4	1.67998	9.6	33564
0.4	1.72664	9.6	33664
0.4	1.72664	9.6	33764
0.4	1.67998	9.6	33864
0.4	1.77331	9.6	33964
0.4	1.72664	9.6	34065
0.4	1.77331	9.6	34165
0.4	1.77331	9.6	34265
0.4	1.72664	9.6	34365
0.4	1.77331	9.6	34465
0.4	1.72664	9.6	34565
0.4	1.77331	9.6	34666
0.4	1.72664	9.6	34766
0.4	1.77331	9.6	34866
0.4	1.77331	9.6	34966
0.4	1.72664	9.6	35066
0.4	1.72664	9.6	35167
0.4	1.72664	9.6	35267
0.4	1.72664	9.6	35367
0.4	1.77331	9.6	35467
0.4	1.72664	9.6	35567
0.4	1.72664	9.6	35667
0.4	1.77331	9.6	35768
on_left_right_arrow_release
0.4	1.67998	9.6	35868
0.5	1.77331	12	35968
0.5	1.72664	12	36068
0.5	1.77331	12	36168
0.5	1.81997	12	36268
0.5	1.81997	12	36369
0.5	1.86664	12	36469
0.5	1.91331	12	36569
0.5	1.91331	12	36669
0.5	1.95997	12	36769
0.5	1.95997	12	36870
0.5	2.00664	12	36970
0.5	1.95997	12	37070
0.5	2.00664	12	37170
0.5	2.0533	12	37270
0.5	2.00664	12	37371
0.5	2.00664	12	37471
0.5	4.05994	12	37571
0.5	2.09997	12	37671
0.5	2.0533	12	37771
0.5	2.0533	12	37872
0.5	2.09997	12	37972
0.5	2.09997	12	38072
0.5	2.0533	12	38172
0.5	2.09997	12	38272
0.5	2.09997	12	38372
0.5	2.1933	12	38473
0.5	2.14664	12	38573
0.5	2.1933	12	38673
0.5	2.14664	12	38773
0.5	2.1933	12	38873
0.5	2.23997	12	38973
0.5	2.23997	12	39074
0.5	2.1933	12	39174
0.5	2.28663	12	39274
0.5	2.23997	12	39374
0.5	2.1933	12	39474
0.5	2.28663	12	39575
0.5	2.23997	12	39675
0.5	2.23997	12	39775
0.5	2.23997	12	39875
0.5	2.28663	12	39975
0.5	2.28663	12	40075
0.5	2.28663	12	40176
0.5	2.28663	12	40276
0.5	2.23997	12	40376
0.5	2.23997	12	40476
0.5	2.28663	12	40576
0.5	2.28663	12	40676
0.5	2.23997	12	40777
0.5	2.28663	12	40877
0.5	2.28663	12	40977
0.5	2.23997	12	41077
0.5	2.28663	12	41177
0.5	2.28663	12	41278
0.5	2.28663	12	41378
0.5	2.28663	12	41478
0.5	2.28663	12	41578
0.5	2.28663	12	41678
0.5	2.28663	12	41778
0.5	2.28663	12	41879
0.5	2.3333	12	41979
0.5	2.28663	12	42079
0.5	2.3333	12	42179
0.5	2.3333	12	42279
0.5	2.3333	12	42380
0.5	2.37997	12	42480
0.5	2.3333	12	42580
0.5	2.37997	12	42680
0.5	2.3333	12	42780
0.5	2.3333	12	42881
0.5	2.28663	12	42981
0.5	2.3333	12	43081
0.5	2.28663	12	43181
0.5	2.3333	12	43281
0.5	2.3333	12	43381
0.5	2.3333	12	43482
0.5	2.3333	12	43582
0.5	2.3333	12	43682
0.5	2.3333	12	43782
0.5	2.28663	12	43882
0.5	2.3333	12	43982
0.5	2.37997	12	44083
0.5	2.28663	12	44183
0.5	2.3333	12	44283
0.5	2.37997	12	44383
0.5	2.37997	12	44483
0.5	2.3333	12	44584
0.5	2.37997	12	44684
0.5	2.3333	12	44784
0.5	2.37997	12	44884
0.5	2.3333	12	44984
0.5	2.3333	12	45084
0.5	2.3333	12	45185
0.5	2.3333	12	45285
0.5	2.37997	12	45385
0.5	2.28663	12	45485
0.5	2.3333	12	45586
0.5	2.3333	12	45686
0.5	2.37997	12	45787
0.5	2.3333	12	45888
0.5	2.28663	12	45988
0.5	2.3333	12	46088
0.5	2.28663	12	46189
0.5	2.3333	12	46290
0.5	2.28663	12	46390
0.5	2.28663	12	46491
0.5	2.3333	12	46591
0.5	2.28663	12	46691
0.5	2.3333	12	46791
0.5	2.28663	12	46891
0.5	2.3333	12	46992
0.5	2.3333	12	47092
0.5	2.3333	12	47192
0.5	2.3333	12	47292
0.5	2.3333	12	47392
0.5	2.3333	12	47493
0.5	2.28663	12	47593
0.5	2.3333	12	47693
0.5	2.28663	12	47793
0.5	2.3333	12	47893
0.5	2.3333	12	47993
0.5	2.3333	12	48094
0.5	2.28663	12	48194
0.5	2.28663	12	48294
0.5	2.3333	12	48394
0.5	2.3333	12	48494
0.5	2.28663	12	48594
0.5	2.3333	12	48695
0.5	2.3333	12	48795
0.5	2.3333	12	48895
0.5	2.37997	12	48995
0.5	2.3333	12	49095
0.5	2.3333	12	49196
0.5	2.3333	12	49296
0.5	2.3333	12	49396
0.5	2.3333	12	49496
0.5	2.28663	12	49596
0.5	2.3333	12	49696
0.5	2.3333	12	49797
0.5	2.28663	12	49897
0.5	2.3333	12	49997
0.5	2.28663	12	50097
0.5	2.3333	12	50197
0.5	2.3333	12	50298
0.5	2.3333	12	50398
0.5	2.3333	12	50498
0.5	2.3333	12	50598
0.5	2.3333	12	50698
0.5	2.3333	12	50799
0.5	2.3333	12	50899
0.5	2.3333	12	50999
0.5	2.3333	12	51099
0.5	2.28663	12	51199
0.5	2.28663	12	51300
0	2.3333	0	51400
on_left_right_arrow_release
0	2.23997	0	51500
0	2.09997	0	51600
0	1.95997	0	51700
0	1.86664	0	51800
0	1.77331	0	51901
0	1.67998	0	52001
0	1.58664	0	52101
0	1.44665	0	52201
0	1.44665	0	52301
0	1.35331	0	52401
0	1.25998	0	52502
0	1.16665	0	52602
0	1.16665	0	52702
0	1.07332	0	52802
0	1.02665	0	52902
0	0.979986	0	53003
0	0.886654	0	53103
0	0.839988	0	53203
0	0.839988	0	53303
0	0.746656	0	53403
0	0.653324	0	53503
0	0.653324	0	53604
0	0.653324	0	53704
0	0.559992	0	53804
0	0.513326	0	53904
0	0.46666	0	54004
0	0.419994	0	54105
0	0.419994	0	54205
0	0.373328	0	54305
0	0.326662	0	54405
0	0.279996	0	54505
0	0.23333	0	54605
0	0.23333	0	54706
0	0.373328	0	54806
0	0.139998	0	54906
0	0.139998	0	55006
0	0.093332	0	55106
0	0.046666	0	55207
0	0.046666	0	55307
0	0	0	55407
0	0	0	55507
0	0	0	55607
0	0	0	55708
0	0	0	55808
0	0	0	55908
0	0	0	56008
0	0	0	56108
0	0	0	56208
0	0	0	56309
0	0	0	56409
0	0	0	56509
