0	0	0	100
0	0	0	200
0	0	0	300
0	0	0	400
0	0	0	500
0	0	0	601
on_left_right_arrow_release
0.5	0	12	701
0.5	0.046666	12	801
0.5	0.186664	12	901
0.5	0.279996	12	1001
0.5	0.419994	12	1102
0.5	0.513326	12	1202
0.5	0.606658	12	1302
0.5	0.653324	12	1402
0.5	0.793322	12	1503
0.5	0.839988	12	1603
0.5	0.93332	12	1703
0.5	0.979986	12	1803
0.5	1.11998	12	1904
0.5	1.11998	12	2004
0.5	1.21332	12	2104
0.5	1.25998	12	2204
0.5	1.35331	12	2305
0.5	1.39998	12	2405
0.5	1.44665	12	2505
0.5	1.49331	12	2606
0.5	1.58664	12	2706
0.5	1.63331	12	2806
0.5	1.63331	12	2906
0.5	1.77331	12	3007
0.5	1.72664	12	3107
0.5	1.86664	12	3207
0.5	1.86664	12	3307
0.5	1.86664	12	3407
0.5	1.91331	12	3508
0.5	1.95997	12	3608
0.5	1.95997	12	3708
0.5	2.00664	12	3808
0.5	1.95997	12	3908
0.5	2.00664	12	4008
0.5	2.00664	12	4109
0.5	2.0533	12	4209
0.5	2.0533	12	4309
0.5	2.09997	12	4409
0.5	2.09997	12	4509
0.4	2.14664	9.6	4610
on_up_down_arrow_release
0.4	2.14664	9.6	4710
0.4	2.14664	9.6	4810
0.4	2.09997	9.6	4910
0.4	2.09997	9.6	5010
0.4	2.09997	9.6	5110
0.4	2.14664	9.6	5210
0.5	2.09997	12	5311
on_left_right_arrow_release
0.5	2.0533	12	5411
0.5	2.09997	12	5511
0.5	2.1933	12	5611
0.5	2.09997	12	5712
0.5	2.1933	12	5812
0.5	2.14664	12	5912
0.5	2.23997	12	6012
on_up_down_arrow_release
0.6	2.1933	14.4	6112
0.6	2.1933	14.4	6212
0.6	2.28663	14.4	6312
0.6	2.28663	14.4	6413
0.6	2.37997	14.4	6513
0.6	2.37997	14.4	6613
0.6	2.4733	14.4	6713
0.6	2.4733	14.4	6813
0.6	2.56663	14.4	6913
0.4	2.51996	9.6	7013
on_up_down_arrow_release
0.4	2.4733	9.6	7114
0.4	2.42663	9.6	7214
0.4	2.42663	9.6	7314
0.4	2.42663	9.6	7414
0.4	2.42663	9.6	7514
0.4	2.3333	9.6	7614
0.4	2.37997	9.6	7714
0.4	2.28663	9.6	7814
0.5	2.3333	12	7915
on_left_right_arrow_release
0.5	2.3333	12	8015
0.5	2.37997	12	8115
0.5	2.3333	12	8215
0.5	2.3333	12	8315
0.5	2.37997	12	8415
0.5	2.37997	12	8515
0.5	2.42663	12	8616
0.5	2.3333	12	8716
0.6	2.37997	14.4	8816
on_up_down_arrow_release
0.6	2.4733	14.4	8916
0.6	2.4733	14.4	9016
0.6	2.4733	14.4	9116
0.6	2.51996	14.4	9216
0.6	2.6133	14.4	9317
0.6	2.6133	14.4	9417
0.6	2.6133	14.4	9517
0.6	2.65996	14.4	9617
0.4	2.6133	9.6	9717
on_up_down_arrow_release
0.4	2.6133	9.6	9817
0.4	2.56663	9.6	9918
0.4	2.56663	9.6	10018
0.4	2.56663	9.6	10118
0.4	2.51996	9.6	10218
0.4	2.4733	9.6	10319
0.4	2.51996	9.6	10419
0.4	2.42663	9.6	10519
0.4	2.42663	9.6	10619
on_left_right_arrow_release
0.5	2.42663	12	10720
0.5	2.42663	12	10820
0.5	2.4733	12	10921
0.5	2.42663	12	11021
0.5	2.42663	12	11121
0.5	2.4733	12	11221
0.5	2.42663	12	11321
0.5	2.42663	12	11422
0.5	2.42663	12	11522
0.6	2.4733	14.4	11622
on_up_down_arrow_release
0.6	2.4733	14.4	11722
0.6	2.4733	14.4	11822
0.6	2.56663	14.4	11922
0.6	2.56663	14.4	12023
0.6	2.56663	14.4	12123
0.6	2.6133	14.4	12223
0.6	2.6133	14.4	12323
0.6	2.6133	14.4	12423
0.6	2.65996	14.4	12523
0.4	2.65996	9.6	12623
0.4	2.65996	9.6	12724
on_up_down_arrow_release
0.4	2.65996	9.6	12824
0.4	2.6133	9.6	12924
0.4	2.51996	9.6	13024
0.4	2.56663	9.6	13124
0.4	2.51996	9.6	13224
0.4	2.51996	9.6	13325
0.4	2.4733	9.6	13425
0.4	2.4733	9.6	13525
0.5	2.42663	12	13625
on_left_right_arrow_release
0.5	2.4733	12	13725
0.5	2.42663	12	13825
0.5	2.37997	12	13926
0.5	2.4733	12	14026
0.5	2.51996	12	14126
0.5	2.42663	12	14226
0.5	2.4733	12	14327
0.5	2.42663	12	14427
0.5	2.42663	12	14527
0.6	2.42663	14.4	14627
on_up_down_arrow_release
0.6	2.4733	14.4	14728
0.6	2.4733	14.4	14828
0.6	2.56663	14.4	14928
0.6	2.56663	14.4	15028
0.6	2.51996	14.4	15128
0.6	2.56663	14.4	15228
0.6	2.6133	14.4	15329
0.6	2.75329	14.4	15429
0.6	2.70663	14.4	15529
0.6	2.75329	14.4	15629
0.6	2.75329	14.4	15729
0	5.59992	0	15829
on_left_right_arrow_release
0	2.56663	0	15929
0	2.42663	0	16030
0	2.3333	0	16130
0	2.28663	0	16230
0	2.14664	0	16330
0	2.09997	0	16430
0	1.91331	0	16530
0	1.86664	0	16631
0	1.77331	0	16731
0	1.72664	0	16831
0	1.58664	0	16931
0	1.53998	0	17031
0	1.39998	0	17131
0	1.30665	0	17232
0	1.25998	0	17332
0	1.21332	0	17432
0	1.11998	0	17532
0	1.07332	0	17632
0	1.02665	0	17732
0	0.93332	0	17833
0	0.886654	0	17933
0	0.886654	0	18033
0	0.746656	0	18133
0	0.746656	0	18233
0	0.69999	0	18334
0	0.606658	0	18434
0	0.606658	0	18534
0	0.559992	0	18634
0	0.513326	0	18734
0	0.46666	0	18835
0	0.419994	0	18935
0	0.373328	0	19035
0	0.373328	0	19135
0	0.326662	0	19235
0	0.279996	0	19335
0	0.23333	0	19436
0	0.23333	0	19536
0	0.139998	0	19636
0	0.139998	0	19736
0	0.093332	0	19836
0	0.046666	0	19936
