0	0	0	100
0	0	0	200
0	0	0	300
0	0	0	400
0	0	0	500
0	0	0	601
0	0	0	701
0	0	0	801
0	0	0	901
0	0	0	1001
0	0	0	1101
0	0	0	1201
0	0	0	1301
0	0	0	1402
0	0	0	1502
0.5	0	12	1602
on_left_right_arrow_release
0.5	0.046666	12	1702
0.5	0.23333	12	1802
0.5	0.326662	12	1902
0.5	0.419994	12	2002
0.5	0.419994	12	2102
0.5	1.16665	12	2203
0.5	0.746656	12	2303
0.5	0.839988	12	2403
0.5	0.886654	12	2503
0.5	0.979986	12	2603
0.5	1.02665	12	2703
0.5	1.11998	12	2804
0.5	1.21332	12	2904
0.5	1.21332	12	3004
0.5	1.35331	12	3104
0.5	1.35331	12	3204
0.5	1.49331	12	3304
0.5	1.49331	12	3405
0.5	1.58664	12	3505
0.5	1.63331	12	3605
0.5	1.67998	12	3705
0.5	1.72664	12	3805
0.5	1.77331	12	3906
0.5	1.81997	12	4007
0.5	1.91331	12	4107
0.5	1.81997	12	4207
0.5	1.86664	12	4307
0.5	1.95997	12	4407
0.5	1.91331	12	4508
0.5	1.95997	12	4608
0.5	2.00664	12	4708
0.5	2.0533	12	4808
0.5	2.0533	12	4908
0.5	2.09997	12	5009
0.5	2.09997	12	5109
0.5	2.1933	12	5209
0.5	2.14664	12	5309
0.5	2.14664	12	5410
0.5	2.1933	12	5510
0.5	2.14664	12	5610
0.5	2.1933	12	5710
0.5	2.1933	12	5810
0.5	2.28663	12	5910
0.5	2.23997	12	6011
0.5	2.28663	12	6111
0.5	2.28663	12	6211
0.5	2.28663	12	6311
0.5	2.28663	12	6411
0.5	2.3333	12	6512
0.5	2.3333	12	6612
0.5	2.3333	12	6712
0.5	2.37997	12	6812
0.5	2.3333	12	6912
0.5	2.37997	12	7012
0.5	2.37997	12	7113
0.5	2.42663	12	7213
0.5	2.37997	12	7313
0.5	2.37997	12	7413
0.5	2.42663	12	7513
0.5	2.42663	12	7613
0.5	2.42663	12	7714
0.5	2.42663	12	7814
0.5	2.4733	12	7914
0.5	2.42663	12	8014
0.5	2.42663	12	8114
0.5	2.42663	12	8215
0.5	2.4733	12	8315
0.5	2.4733	12	8415
0.5	2.42663	12	8515
0.5	2.4733	12	8615
0.5	2.4733	12	8716
0.5	2.4733	12	8816
0.5	2.51996	12	8916
0.5	2.4733	12	9016
0.5	2.51996	12	9116
0.5	2.4733	12	9216
0.5	2.51996	12	9317
0.5	2.51996	12	9417
0.5	2.51996	12	9517
0.5	2.51996	12	9617
0.5	2.51996	12	9717
0.5	2.51996	12	9818
0.5	2.56663	12	9918
0.5	2.51996	12	10018
0.5	2.56663	12	10118
0.5	2.51996	12	10218
0.5	2.56663	12	10318
0.5	2.4733	12	10419
0.5	2.51996	12	10519
0.5	2.4733	12	10619
0.5	2.51996	12	10719
0.5	2.4733	12	10819
0.5	2.4733	12	10920
0.5	2.42663	12	11020
0.5	2.51996	12	11120
0.5	2.4733	12	11220
0.5	2.4733	12	11320
0.5	2.4733	12	11421
0.5	2.56663	12	11521
0.5	2.51996	12	11621
0.5	2.51996	12	11721
0.5	2.4733	12	11821
0.5	2.4733	12	11922
0.5	2.4733	12	12022
0.5	2.51996	12	12122
0.5	2.42663	12	12222
0.5	2.51996	12	12323
0.5	2.4733	12	12423
0.5	2.51996	12	12523
0.5	2.51996	12	12623
0.5	2.51996	12	12723
0.5	2.56663	12	12824
0.5	2.51996	12	12924
0.5	2.51996	12	13024
0.5	2.51996	12	13124
0.5	2.4733	12	13224
0.5	2.51996	12	13324
0.5	2.51996	12	13425
0.5	2.51996	12	13525
0.5	2.51996	12	13625
0.5	2.56663	12	13725
0.5	2.56663	12	13826
0.5	2.4733	12	13926
0.5	2.51996	12	14026
0.5	2.4733	12	14126
0.5	2.51996	12	14226
0.5	2.51996	12	14326
0.5	2.4733	12	14427
0.5	2.51996	12	14527
0.5	2.51996	12	14627
0.5	2.51996	12	14727
0.5	2.4733	12	14827
0.5	2.51996	12	14927
0.5	2.51996	12	15028
0.5	2.4733	12	15128
0.5	2.51996	12	15228
0.5	2.51996	12	15328
0.5	2.56663	12	15428
0.5	2.51996	12	15529
0.5	2.4733	12	15629
0.5	2.51996	12	15729
0.5	2.51996	12	15829
0.5	2.4733	12	15929
0.5	2.4733	12	16029
0.5	2.51996	12	16130
0.5	2.4733	12	16230
0.5	2.4733	12	16330
0.5	2.51996	12	16430
0.5	2.4733	12	16530
0.5	2.51996	12	16630
0.5	2.51996	12	16731
0.5	2.4733	12	16831
0.5	2.51996	12	16931
0.5	2.4733	12	17031
0.5	2.4733	12	17131
0.5	2.51996	12	17232
0.5	2.4733	12	17332
0.5	2.4733	12	17432
0.5	2.4733	12	17532
0.5	2.4733	12	17632
0.5	2.51996	12	17733
0.5	2.4733	12	17833
0.5	2.4733	12	17933
0.5	2.4733	12	18034
0.5	2.51996	12	18134
0.5	2.51996	12	18234
0	2.4733	0	18334
on_left_right_arrow_release
0	2.4733	0	18435
0	2.28663	0	18535
0	2.1933	0	18635
0	2.09997	0	18735
0	2.00664	0	18835
0	1.86664	0	18935
0	1.81997	0	19036
0	1.72664	0	19136
0	1.63331	0	19236
0	1.53998	0	19336
0	1.44665	0	19436
0	1.35331	0	19536
0	1.30665	0	19637
0	1.21332	0	19737
0	1.11998	0	19837
0	1.07332	0	19937
0	0.979986	0	20037
0	0.886654	0	20137
0	0.839988	0	20238
0	0.793322	0	20338
0	0.69999	0	20438
0	0.653324	0	20538
0	0.653324	0	20638
0	0.559992	0	20738
0	0.513326	0	20839
0	0.46666	0	20939
0	0.419994	0	21039
0	0.373328	0	21139
0	0.373328	0	21239
0	0.279996	0	21340
0	0.279996	0	21440
0	0.279996	0	21540
0	0.326662	0	21640
0	0.139998	0	21740
0	0.046666	0	21841
0	0.046666	0	21941
0	0	0	22041
0	0	0	22141
0	0	0	22241
0	0	0	22341
0	0	0	22441
0	0	0	22542
0	0	0	22642
0	0	0	22742
0	0	0	22842
0	0	0	22942
