0	0	0	100
0	0	0	200
0	0	0	300
0	0	0	400
0	0	0	500
0	0	0	600
0	0	0	700
0	0	0	801
0	0	0	901
0	0	0	1001
0	0	0	1101
0	0	0	1201
0	0	0	1301
on_left_right_arrow_release
0.5	0	12	1401
0.5	0.093332	12	1501
0.5	0.186664	12	1602
0.5	0.279996	12	1702
0.5	0.373328	12	1802
0.5	0.513326	12	1902
0.5	0.559992	12	2002
0.5	0.69999	12	2102
0.5	0.746656	12	2202
0.5	0.793322	12	2302
0.5	0.886654	12	2403
0.5	0.93332	12	2503
0.5	0.979986	12	2603
0.5	1.07332	12	2703
0.5	1.07332	12	2803
0.5	1.21332	12	2903
0.5	1.21332	12	3004
0.5	1.30665	12	3104
0.5	1.35331	12	3204
0.5	1.39998	12	3304
0.5	1.44665	12	3404
0.5	1.49331	12	3504
0.5	1.49331	12	3604
0.5	1.53998	12	3705
0.5	1.63331	12	3805
0.5	1.63331	12	3905
0.5	1.67998	12	4005
0.5	1.72664	12	4105
0.5	1.72664	12	4205
0.5	1.77331	12	4305
0.5	1.81997	12	4406
0.5	1.81997	12	4506
0.5	1.86664	12	4606
0.5	1.86664	12	4706
0.5	1.91331	12	4806
0.5	1.91331	12	4906
0.5	1.95997	12	5006
0.5	1.95997	12	5107
0.5	2.00664	12	5207
0.5	2.0533	12	5307
0.5	2.00664	12	5407
0.5	2.09997	12	5507
0.5	2.0533	12	5608
0.5	2.09997	12	5708
0.5	2.09997	12	5808
0.5	2.09997	12	5908
0.5	2.14664	12	6008
0.5	2.14664	12	6108
0.5	2.14664	12	6209
0.5	2.1933	12	6309
0.5	2.1933	12	6409
0.5	2.14664	12	6509
0.5	2.14664	12	6609
0.5	4.43327	12	6709
0.5	2.1933	12	6810
0.5	2.23997	12	6910
0.5	2.23997	12	7010
0.5	2.1933	12	7110
0.5	2.23997	12	7210
0.5	2.23997	12	7311
0.5	2.23997	12	7411
0.5	2.28663	12	7511
0.5	2.28663	12	7611
0.5	2.28663	12	7711
0.5	2.28663	12	7811
0.5	2.28663	12	7912
0.5	2.28663	12	8012
0.5	2.28663	12	8112
0.5	2.37997	12	8212
0.5	2.28663	12	8312
0.5	2.28663	12	8412
0.5	2.28663	12	8513
0.5	2.3333	12	8613
0.5	2.3333	12	8713
0.5	2.3333	12	8813
0.5	2.28663	12	8913
0.5	2.3333	12	9014
0.5	2.28663	12	9114
0.5	2.3333	12	9214
0.5	2.3333	12	9314
0.5	2.3333	12	9414
0.5	2.3333	12	9514
0.5	2.3333	12	9615
0.5	2.3333	12	9715
0.5	2.3333	12	9815
0.5	2.28663	12	9915
0.5	2.3333	12	10015
0.5	2.37997	12	10115
0.5	2.3333	12	10216
0.5	2.3333	12	10316
0.5	2.37997	12	10416
0.5	2.3333	12	10516
0.5	2.37997	12	10616
0.5	2.37997	12	10717
0.5	2.3333	12	10817
0.5	2.37997	12	10917
0.5	2.37997	12	11017
0.5	2.37997	12	11117
0.5	2.37997	12	11217
0.5	2.37997	12	11318
0.5	2.37997	12	11418
0.5	2.37997	12	11518
0.5	2.37997	12	11618
0.5	2.37997	12	11718
0.5	2.37997	12	11819
0.5	2.37997	12	11919
0.5	2.37997	12	12019
0.5	2.42663	12	12119
0.5	2.37997	12	12219
0.5	2.42663	12	12320
0.5	2.37997	12	12420
0.5	2.37997	12	12520
0.5	2.37997	12	12620
0.5	2.37997	12	12720
0.5	2.37997	12	12820
0.5	2.37997	12	12921
0.5	2.37997	12	13021
0.5	2.42663	12	13121
0.5	2.37997	12	13221
0.5	2.37997	12	13321
0.5	2.37997	12	13422
0.5	2.37997	12	13522
0.5	2.37997	12	13622
0.5	2.37997	12	13722
0.5	2.37997	12	13822
0.5	2.42663	12	13923
0.5	2.37997	12	14023
0.5	2.42663	12	14123
0.5	2.42663	12	14223
0.5	2.37997	12	14324
0.5	2.42663	12	14424
0.5	2.42663	12	14524
0.5	2.37997	12	14625
0.5	2.37997	12	14725
0.5	2.37997	12	14825
0.5	2.37997	12	14925
0.5	2.42663	12	15026
0.5	2.37997	12	15126
0.5	2.42663	12	15226
0.5	2.37997	12	15326
0.5	2.42663	12	15426
0.5	2.42663	12	15527
0.5	2.37997	12	15627
0.5	2.37997	12	15727
0.5	2.42663	12	15828
0.5	2.42663	12	15928
0.5	2.37997	12	16028
0.5	2.37997	12	16128
0.5	2.42663	12	16229
0.103	2.42663	2.472	16329
0.113	2.28663	2.712	16429
0.309	2.23997	7.416	16530
0.391	2.1933	9.384	16630
0.402	2.1933	9.648	16730
0.453	2.14664	10.872	16830
0.546	2.14664	13.104	16930
0.608	2.14664	14.592	17030
0.649	2.09997	15.576	17131
0.649	2.28663	15.576	17231
0.195	2.23997	4.68	17331
0.175	2.1933	4.2	17431
0.278	2.09997	6.672	17532
0.505	2.09997	12.12	17632
0.546	2.09997	13.104	17732
0.783	2.14664	18.792	17832
0.793	2.28663	19.032	17933
0.783	2.37997	18.792	18033
0.762	2.42663	18.288	18133
0.701	2.51996	16.824	18234
0.567	2.51996	13.608	18334
0.453	2.56663	10.872	18435
0.453	2.51996	10.872	18535
0.597	2.4733	14.328	18635
0.866	2.6133	20.784	18735
0.948	2.79996	22.752	18835
0.938	2.89329	22.512	18936
0.484	2.98662	11.616	19036
0.422	2.79996	10.128	19137
0.422	2.79996	10.128	19237
0.494	2.70663	11.856	19338
0.68	2.70663	16.32	19438
0.731	2.75329	17.544	19538
0.938	2.84663	22.512	19638
0.979	3.26662	23.496	19739
0.979	3.21995	23.496	19840
0.608	3.49995	14.592	19940
0.422	3.07996	10.128	20040
0.319	3.03329	7.656	20140
0.288	2.89329	6.912	20240
0.402	2.84663	9.648	20341
0.628	2.75329	15.072	20441
0.773	2.84663	18.552	20541
0.896	2.89329	21.504	20641
0.907	3.21995	21.768	20741
0.886	3.40662	21.264	20841
0.639	3.26662	15.336	20941
0.515	3.12662	12.36	21042
0.34	3.03329	8.16	21142
0.402	2.98662	9.648	21242
0.422	2.93996	10.128	21342
0.546	2.93996	13.104	21442
0.783	2.89329	18.792	21542
0.845	3.21995	20.28	21643
1	3.31329	24	21743
1	3.73328	24	21843
0.67	3.87328	16.08	21943
0.463	3.35995	11.112	22043
0.319	3.17329	7.656	22143
0.319	3.07996	7.656	22243
0.474	3.03329	11.376	22344
0.567	2.98662	13.608	22444
0.659	3.03329	15.816	22544
0.824	3.03329	19.776	22644
0.876	3.26662	21.024	22744
0.876	3.49995	21.024	22844
0.742	3.35995	17.808	22944
0.422	3.31329	10.128	23045
0.371	3.17329	8.904	23145
0.422	3.12662	10.128	23245
0.463	3.07996	11.112	23345
0.67	3.07996	16.08	23445
0.752	3.03329	18.048	23545
0.752	3.31329	18.048	23645
0.577	3.21995	13.848	23745
0.113	3.12662	2.712	23846
0.103	2.98662	2.472	23946
0.453	2.79996	10.872	24046
0.804	2.79996	19.296	24146
0.793	3.03329	19.032	24246
0.597	3.03329	14.328	24346
0.34	2.98662	8.16	24446
0.329	2.84663	7.896	24547
0.371	2.89329	8.904	24647
0.453	2.79996	10.872	24747
0.587	2.84663	14.088	24847
0.639	2.79996	15.336	24947
0.649	2.84663	15.576	25047
0.216	2.79996	5.184	25148
0.185	2.70663	4.44	25248
0.288	2.65996	6.912	25348
0.659	2.56663	15.816	25448
0.721	2.65996	17.304	25548
0.721	2.75329	17.304	25648
0.721	2.79996	17.304	25748
0.639	2.84663	15.336	25848
0.597	2.75329	14.328	25949
0.556	2.84663	13.344	26049
0.515	2.79996	12.36	26149
0.433	2.79996	10.392	26249
0.371	2.75329	8.904	26349
0.329	2.70663	7.896	26449
0.309	2.6133	7.416	26549
0.309	2.6133	7.416	26650
0.237	2.56663	5.688	26750
0.226	2.4733	5.424	26850
0.226	2.4733	5.424	26950
0.216	4.6666	5.184	27050
0.268	2.28663	6.432	27150
1	2.23997	24	27250
0.979	2.56663	23.496	27351
0.422	2.89329	10.128	27451
0.288	2.4733	6.912	27551
0.608	2.37997	14.592	27651
0.752	2.4733	18.048	27751
0.804	2.56663	19.296	27851
0.814	2.65996	19.536	27951
0.979	2.84663	23.496	28052
1	3.03329	24	28152
0.969	3.17329	23.256	28252
0.453	3.35995	10.872	28352
0.443	2.98662	10.632	28452
0.567	2.89329	13.608	28552
0.721	2.93996	17.304	28652
1	2.93996	24	28753
1	3.54662	24	28853
1	3.49995	24	28953
0.969	3.73328	23.256	29053
0.907	3.87328	21.768	29153
0.649	3.59328	15.576	29253
0.505	3.35995	12.12	29353
0.567	3.31329	13.608	29454
0.659	3.31329	15.816	29554
0.659	3.31329	15.816	29654
0.701	3.31329	16.824	29754
0.804	3.49995	19.296	29854
0.804	3.35995	19.296	29954
0.969	3.45328	23.256	30055
1	4.05994	24	30155
1	4.19994	24	30255
1	3.96661	24	30355
1	4.10661	24	30455
0.68	4.19994	16.32	30555
0.577	3.73328	13.848	30655
1	3.68661	24	30756
1	4.19994	24	30856
1	4.43327	24	30956
1	4.24661	24	31056
0.659	4.33994	15.816	31156
0.484	3.96661	11.616	31256
0.484	3.82661	11.616	31356
0.484	3.73328	11.616	31457
0.505	3.68661	12.12	31557
0.989	3.63995	23.736	31657
0.896	4.29327	21.504	31757
0.742	3.91994	17.808	31857
0.319	3.82661	7.656	31958
0.319	3.68661	7.656	32058
0.494	3.45328	11.856	32158
0.164	3.45328	3.936	32258
0	3.12662	0	32359
0	2.56663	0	32459
on_left_right_arrow_release
0	1.58664	0	32559
0	1.16665	0	32659
0	1.86664	0	32759
0	0.886654	0	32859
0	2.0533	0	32960
0	1.44665	0	33060
0	1.63331	0	33160
0	1.91331	0	33260
0	2.09997	0	33360
0	2.00664	0	33460
0	1.91331	0	33560
0	2.00664	0	33661
0	1.81997	0	33761
0	1.72664	0	33861
0	1.63331	0	33961
0	1.58664	0	34061
0	1.44665	0	34161
0	1.39998	0	34261
0	1.30665	0	34362
0	1.25998	0	34462
0	1.16665	0	34562
0	1.11998	0	34662
0	1.07332	0	34762
0	0.979986	0	34862
0	0.93332	0	34962
0	0.886654	0	35063
0	0.793322	0	35163
0	0.746656	0	35263
0	0.69999	0	35363
0	0.653324	0	35463
0	0.606658	0	35563
0	0.559992	0	35664
0	0.46666	0	35764
0	0.46666	0	35864
0	0.373328	0	35964
0	0.326662	0	36064
0	0.279996	0	36165
0	0.279996	0	36265
0	0.186664	0	36365
0	0.186664	0	36465
0	0.139998	0	36565
0	0.046666	0	36665
0	0.046666	0	36766
0	0	0	36866
0	0	0	36966
0	0.046666	0	37066
0	0	0	37167
0	0	0	37267
0	0	0	37367
0	0	0	37467
0	0	0	37568
0	0	0	37668
0	0	0	37768
0	0	0	37868
0	0	0	37969
0	0	0	38069
0	0	0	38169
0	0	0	38269
0	0	0	38369
0	0	0	38470
0	0	0	38570
0	0	0	38670
0	0	0	38770
0	0	0	38870
0	0	0	38970
0	0	0	39071


