0	0	0	100
0	0	0	200
0	0	0	300
0	0	0	400
0	0	0	500
0	0	0	601
0	0	0	701
0	0	0	801
0	0	0	901
0	0	0	1002
0.5	0	12	1102
on_left_right_arrow_release
0.5	0.093332	12	1202
0.5	0.186664	12	1302
0.5	0.279996	12	1403
0.5	0.46666	12	1503
0.5	0.513326	12	1603
0.5	0.606658	12	1703
0.5	0.746656	12	1803
0.5	0.839988	12	1903
0.5	0.886654	12	2003
0.5	0.979986	12	2104
0.5	1.02665	12	2204
0.5	1.11998	12	2304
0.5	1.21332	12	2404
0.5	1.25998	12	2504
0.5	1.30665	12	2604
0.5	1.35331	12	2704
0.5	1.44665	12	2804
0.5	1.49331	12	2905
0.5	1.53998	12	3005
0.5	1.58664	12	3105
0.5	1.67998	12	3205
0.5	1.67998	12	3305
0.5	1.72664	12	3405
0.5	1.77331	12	3505
0.5	1.81997	12	3606
0.02	1.86664	0.48	3706
0.061	1.77331	1.464	3806
0.154	1.72664	3.696	3906
0.597	1.58664	14.328	4006
0.546	1.67998	13.104	4106
0.092	1.81997	2.208	4206
0.195	1.72664	4.68	4306
0.742	1.63331	17.808	4407
0.711	1.72664	17.064	4507
0.257	1.81997	6.168	4607
0.948	1.86664	22.752	4707
1	2.00664	24	4807
0.402	2.3333	9.648	4907
0.319	2.09997	7.656	5008
0.958	2.14664	22.992	5108
0.969	2.3333	23.256	5208
0.329	2.4733	7.896	5308
0.03	2.37997	0.72	5408
0.597	2.3333	14.328	5508
0.804	2.28663	19.296	5609
0.03	2.42663	0.72	5709
0	2.3333	0	5809
0.577	2.1933	13.848	5909
0.701	2.1933	16.824	6009
0.134	2.23997	3.216	6109
0	2.28663	0	6210
0	2.14664	0	6310
0.762	2.09997	18.288	6410
0.762	2.09997	18.288	6510
0.773	2.1933	18.552	6610
0	2.28663	0	6710
0	2.1933	0	6810
0.103	2.14664	2.472	6910
1	2.0533	24	7011
0.917	2.42663	22.008	7111
0.226	2.4733	5.424	7211
0	2.28663	0	7311
0.433	2.1933	10.392	7411
0.484	2.14664	11.616	7511
1	2.1933	24	7611
1	2.51996	24	7712
0.484	2.70663	11.616	7812
0	2.4733	0	7912
0.628	2.3333	15.072	8012
1	2.37997	24	8112
1	2.84663	24	8212
1	3.12662	24	8312
1	3.12662	24	8413
0.278	3.17329	6.672	8513
0.278	3.17329	6.672	8613
0	5.87992	0	8713
0	2.65996	0	8813
0.463	2.51996	11.112	8913
0.783	2.56663	18.792	9013
1	2.70663	24	9114
1	3.21995	24	9214
1	3.35995	24	9314
1	3.40662	24	9414
1	3.77995	24	9514
1	3.77995	24	9615
0.67	4.05994	16.08	9715
0.35	3.40662	8.4	9815
0	3.35995	0	9915
0	3.21995	0	10015
0	3.07996	0	10115
0	2.98662	0	10216
0.896	2.75329	21.504	10316
0.773	3.17329	18.552	10416
1	3.03329	24	10516
1	3.49995	24	10616
0.03	3.63995	0.72	10717
0	2.89329	0	10817
0.329	2.93996	7.896	10918
0.567	2.89329	13.608	11019
0.752	2.84663	18.048	11119
0.824	2.89329	19.776	11219
0.814	3.07996	19.536	11319
0.67	3.17329	16.08	11419
0	3.12662	0	11520
0.371	2.98662	8.904	11620
0.783	2.89329	18.792	11720
0.835	3.03329	20.04	11820
1	3.07996	24	11920
0.02	3.40662	0.48	12020
0	3.03329	0	12121
0	2.93996	0	12221
0.505	2.75329	12.12	12321
0.783	2.75329	18.792	12421
1	2.93996	24	12521
0.907	3.45328	21.768	12622
0.319	3.12662	7.656	12722
0	2.98662	0	12822
0	2.84663	0	12923
0.381	2.75329	9.144	13023
0.35	2.70663	8.4	13124
0.103	2.65996	2.472	13224
0	2.6133	0	13324
0	2.42663	0	13425
0.154	2.3333	3.696	13525
0.68	2.23997	16.32	13625
0.907	2.23997	21.768	13725
0.525	2.79996	12.6	13825
0	2.42663	0	13925
0	2.28663	0	14025
1	2.1933	24	14126
0.896	2.98662	21.504	14226
0.391	2.51996	9.384	14326
0	2.51996	0	14426
0	2.3333	0	14526
0.175	2.23997	4.2	14626
0.402	2.23997	9.648	14726
0.979	2.14664	23.496	14827
0.608	2.51996	14.592	14927
0	2.3333	0	15027
0	2.28663	0	15127
0.742	2.14664	17.808	15227
0.649	2.1933	15.576	15328
0.144	2.28663	3.456	15428
0	2.1933	0	15528
0.639	2.14664	15.336	15628
0.701	2.14664	16.824	15728
0.515	2.23997	12.36	15829
0	2.23997	0	15929
0	2.09997	0	16029
0.402	2.0533	9.648	16129
0.422	2.00664	10.128	16230
0	2.00664	0	16330
0	1.95997	0	16430
0	1.86664	0	16530
0.412	1.72664	9.888	16630
0.701	1.72664	16.824	16731
0.134	1.72664	3.216	16831
0	1.77331	0	16931
0	1.67998	0	17031
0	1.63331	0	17131
0.515	1.53998	12.36	17231
0	1.53998	0	17332
0	1.53998	0	17432
0	1.44665	0	17532
0	1.39998	0	17632
0	1.30665	0	17732
0	1.21332	0	17832
0.69	1.16665	16.56	17933
0.36	1.21332	8.64	18033
0	1.25998	0	18133
0	1.25998	0	18233
0	1.16665	0	18334
0	1.11998	0	18434
0.463	1.07332	11.112	18534
0.494	1.11998	11.856	18634
0	1.11998	0	18735
0	1.16665	0	18835
0	1.07332	0	18935
0.505	1.02665	12.12	19035
0.515	1.02665	12.36	19135
0.639	1.11998	15.336	19236
0.608	1.21332	14.592	19336
0	1.25998	0	19436
0	1.25998	0	19536
0	1.11998	0	19636
0	1.11998	0	19737
0	1.02665	0	19837
0	0.979986	0	19937
0	0.93332	0	20037
0	0.886654	0	20137
0	0.793322	0	20237
0	0.793322	0	20338
0	0.69999	0	20438
0	0.653324	0	20538
0	0.653324	0	20638
0	0.606658	0	20738
0	0.559992	0	20838
0	0.513326	0	20939
0	0.46666	0	21039
0	0.419994	0	21139
0	0.373328	0	21239
0	0.373328	0	21339
0	0.279996	0	21440
0	0.279996	0	21540
0	0.046666	0	21640
0	0.046666	0	21740
0	0.046666	0	21840
0	0.046666	0	21940
0	0.093332	0	22041
0	0.046666	0	22141
0	0.046666	0	22241
0	0	0	22341

