0	0	0	100
0	0	0	200
0	0	0	300
0	0	0	400
0	0	0	500
0	0	0	600
0	0	0	700
0	0	0	801
0	0	0	901
0	0	0	1001
0	0	0	1101
on_left_right_arrow_release
0.5	0	12	1201
0.5	0.046666	12	1301
0.5	0.186664	12	1401
0.5	0.279996	12	1501
0.5	0.373328	12	1602
0.5	0.46666	12	1702
0.5	0.559992	12	1802
0.5	0.653324	12	1902
0.5	0.746656	12	2002
0.5	0.793322	12	2102
0.5	0.886654	12	2202
0.5	0.979986	12	2302
0.5	1.02665	12	2403
0.5	1.07332	12	2503
0.5	1.11998	12	2603
0.5	1.16665	12	2703
0.5	1.30665	12	2803
0.5	1.35331	12	2903
0.5	1.35331	12	3003
0.5	1.44665	12	3104
0.5	1.44665	12	3204
0.5	1.53998	12	3304
0.5	1.58664	12	3404
0.5	1.63331	12	3504
0.5	1.67998	12	3604
0.5	1.67998	12	3704
0.5	1.72664	12	3805
0.5	1.72664	12	3905
0.5	1.81997	12	4005
0.5	1.81997	12	4105
0.5	1.86664	12	4205
0.5	1.91331	12	4305
0.5	1.91331	12	4406
0.5	1.95997	12	4506
0.5	2.00664	12	4606
0.5	1.95997	12	4706
0.5	2.00664	12	4806
0.5	2.0533	12	4906
0.5	2.0533	12	5006
0.5	2.09997	12	5107
0.5	2.0533	12	5207
0.5	2.09997	12	5307
0.5	2.09997	12	5407
0.5	2.14664	12	5507
0.5	2.14664	12	5608
0.5	2.14664	12	5708
0.5	2.14664	12	5808
0.5	2.14664	12	5908
0.5	2.1933	12	6008
0.5	2.1933	12	6108
0.5	2.23997	12	6209
0.5	2.23997	12	6309
0.5	2.1933	12	6409
0.5	2.28663	12	6509
0.5	2.23997	12	6609
0.5	2.28663	12	6710
0.5	2.28663	12	6810
0.5	2.3333	12	6910
0.5	2.28663	12	7010
0.6	2.3333	14.4	7110
on_up_down_arrow_release
0.6	2.3333	14.4	7210
0.6	2.37997	14.4	7311
0.6	2.42663	14.4	7411
0.6	2.37997	14.4	7511
0.6	2.42663	14.4	7611
0.6	2.56663	14.4	7711
0.6	2.51996	14.4	7811
0.6	2.56663	14.4	7912
0.6	2.6133	14.4	8012
0.4	2.6133	9.6	8112
on_up_down_arrow_release
0.4	2.56663	9.6	8212
0.4	2.56663	9.6	8313
0.4	2.56663	9.6	8413
0.4	2.56663	9.6	8514
0.4	2.56663	9.6	8614
0.4	2.51996	9.6	8715
0.4	2.51996	9.6	8815
0.4	2.4733	9.6	8915
0.6	2.37997	14.4	9015
on_up_down_arrow_release
0.6	2.42663	14.4	9115
0.6	2.4733	14.4	9215
0.6	2.51996	14.4	9316
0.6	2.56663	14.4	9416
0.6	2.56663	14.4	9516
0.6	2.56663	14.4	9616
0.6	2.65996	14.4	9716
0.6	2.75329	14.4	9816
0.6	2.65996	14.4	9917
on_up_down_arrow_release
0.4	2.70663	9.6	10017
0.4	2.70663	9.6	10117
0.4	2.70663	9.6	10217
0.4	2.6133	9.6	10317
0.4	2.65996	9.6	10418
0.4	2.56663	9.6	10518
0.4	2.56663	9.6	10618
0.4	2.51996	9.6	10718
0.4	2.51996	9.6	10818
0.6	2.4733	14.4	10918
on_up_down_arrow_release
0.6	2.4733	14.4	11019
0.6	2.56663	14.4	11119
0.6	2.56663	14.4	11219
0.6	5.22659	14.4	11319
0.6	2.65996	14.4	11419
0.6	2.65996	14.4	11519
0.6	2.70663	14.4	11620
0.6	2.65996	14.4	11720
0.6	2.70663	14.4	11820
on_up_down_arrow_release
0.4	2.70663	9.6	11920
0.4	2.70663	9.6	12020
0.4	2.65996	9.6	12120
0.4	2.6133	9.6	12220
0.4	2.56663	9.6	12320
0.4	2.56663	9.6	12421
0.4	2.51996	9.6	12521
0.4	2.51996	9.6	12621
on_up_down_arrow_release
0.4	2.51996	9.6	12721
0.6	2.42663	14.4	12821
0.6	2.51996	14.4	12921
0.6	2.51996	14.4	13021
0.6	2.56663	14.4	13122
0.6	2.6133	14.4	13222
0.6	2.65996	14.4	13322
0.6	2.6133	14.4	13422
0.6	2.6133	14.4	13522
0.6	2.65996	14.4	13622
0.6	2.75329	14.4	13722
0.6	2.70663	14.4	13823
0.6	2.70663	14.4	13923
0.6	2.70663	14.4	14023
on_up_down_arrow_release
0.6	2.75329	14.4	14123
0.4	2.79996	9.6	14223
0.4	2.70663	9.6	14323
0.4	2.70663	9.6	14423
0.4	2.65996	9.6	14524
0.4	2.70663	9.6	14624
0.4	2.6133	9.6	14724
0.4	2.56663	9.6	14824
0.4	2.56663	9.6	14924
0.4	2.51996	9.6	15024
0.4	2.51996	9.6	15124
0.4	2.51996	9.6	15224
0.4	2.51996	9.6	15325
0.4	2.42663	9.6	15425
0.4	2.4733	9.6	15525
0.4	2.37997	9.6	15625
0.4	2.3333	9.6	15725
0.4	2.3333	9.6	15825
0.4	2.28663	9.6	15925
0.4	2.3333	9.6	16025
on_up_down_arrow_release
0.6	2.23997	14.4	16126
0.6	2.37997	14.4	16226
0.6	2.37997	14.4	16326
0.6	2.42663	14.4	16426
0.6	2.42663	14.4	16526
0.6	2.42663	14.4	16627
0.6	2.42663	14.4	16727
0.6	2.56663	14.4	16827
on_up_down_arrow_release
0.4	2.4733	9.6	16927
0.4	2.51996	9.6	17027
0.4	2.4733	9.6	17128
0.4	2.42663	9.6	17228
0.4	2.4733	9.6	17328
0.4	2.37997	9.6	17428
0.4	2.3333	9.6	17528
0.6	2.37997	14.4	17628
on_up_down_arrow_release
0.6	2.37997	14.4	17729
0.6	2.42663	14.4	17829
0.6	2.4733	14.4	17929
0.6	2.51996	14.4	18030
0.6	2.51996	14.4	18130
0.6	2.51996	14.4	18230
0.4	2.56663	9.6	18331
on_up_down_arrow_release
0.4	2.51996	9.6	18431
0.4	2.51996	9.6	18531
0.4	2.4733	9.6	18632
0.4	2.4733	9.6	18732
0	2.42663	0	18832
on_left_right_arrow_release
0	2.3333	0	18933
0	2.23997	0	19033
0	2.14664	0	19133
0	2.00664	0	19233
0	1.91331	0	19334
0	1.81997	0	19434
0	1.72664	0	19534
0	1.63331	0	19634
0	1.58664	0	19735
0	1.44665	0	19835
0	1.39998	0	19935
0	1.30665	0	20036
0	1.25998	0	20136
0	1.16665	0	20236
0	1.11998	0	20336
0	1.02665	0	20436
0	0.93332	0	20536
0	0.886654	0	20637
0	0.886654	0	20737
0	0.793322	0	20837
0	0.793322	0	20937
0	0.746656	0	21037
0	0.69999	0	21137
0	0.653324	0	21238
0	0.606658	0	21338
0	0.559992	0	21438
0	0.559992	0	21538
0	0.46666	0	21638
0	0.46666	0	21738
0	0.419994	0	21839
0	0.373328	0	21939
0	0.373328	0	22039
0	0.326662	0	22139
0	0.326662	0	22239
0	0.23333	0	22339
0	0.23333	0	22440
0	0.23333	0	22540
0	0.139998	0	22640
0	0.139998	0	22740
0	0.093332	0	22840
0	0.046666	0	22941
0	0	0	23041
0	0	0	23141
0	0	0	23241
0	0	0	23341
0	0	0	23441
0	0	0	23542
0	0	0	23642
