0	0	0	100
0	0	0	200
0	0	0	300
0	0	0	400
0	0	0	500
0	0	0	600
0	0	0	700
0	0	0	801
0.5	0	12	901
on_left_right_arrow_release
0.5	0.093332	12	1001
0.5	0.186664	12	1101
0.5	0.279996	12	1201
0.5	0.419994	12	1301
0.5	0.559992	12	1401
0.5	0.606658	12	1501
0.5	0.746656	12	1602
0.5	0.793322	12	1702
0.5	0.886654	12	1802
0.5	1.02665	12	1902
0.5	1.02665	12	2002
0.6	1.16665	14.4	2102
on_up_down_arrow_release
0.6	1.21332	14.4	2202
0.6	1.35331	14.4	2303
0.6	1.39998	14.4	2403
0.6	1.53998	14.4	2503
0.6	1.58664	14.4	2603
0.6	1.67998	14.4	2703
0.6	1.72664	14.4	2803
0.6	1.86664	14.4	2903
0.6	1.91331	14.4	3003
0.6	1.91331	14.4	3104
0.6	2.0533	14.4	3204
0.6	2.0533	14.4	3304
0.6	2.14664	14.4	3404
0.6	2.14664	14.4	3504
0.6	2.23997	14.4	3604
0.6	2.23997	14.4	3704
0.6	2.28663	14.4	3805
0.6	2.28663	14.4	3905
0.6	2.28663	14.4	4005
0.6	4.85326	14.4	4105
0.6	2.4733	14.4	4205
0.6	2.51996	14.4	4305
0.6	2.51996	14.4	4405
0.6	2.6133	14.4	4506
0.6	2.70663	14.4	4606
0.6	2.6133	14.4	4706
0.6	2.70663	14.4	4806
0.6	2.6133	14.4	4906
0.6	2.70663	14.4	5006
0.6	2.70663	14.4	5106
0.6	2.79996	14.4	5207
0.6	2.75329	14.4	5307
0.6	2.70663	14.4	5407
0.6	2.79996	14.4	5507
0.6	2.79996	14.4	5607
0.6	2.84663	14.4	5708
0.6	2.89329	14.4	5808
0.6	2.84663	14.4	5908
0.6	2.89329	14.4	6008
0.6	2.89329	14.4	6108
0.6	2.89329	14.4	6209
0.6	2.89329	14.4	6309
0.6	2.93996	14.4	6409
0.6	2.93996	14.4	6509
0.6	2.93996	14.4	6609
0.6	2.93996	14.4	6710
0.6	2.98662	14.4	6810
0.6	2.98662	14.4	6910
0.6	2.93996	14.4	7010
0.6	3.03329	14.4	7110
0.6	2.98662	14.4	7211
0.6	3.12662	14.4	7311
0.6	3.03329	14.4	7411
0.6	3.03329	14.4	7512
0.6	3.03329	14.4	7612
0.6	3.07996	14.4	7712
0.6	3.12662	14.4	7813
0.6	3.07996	14.4	7913
0.6	3.12662	14.4	8013
0.6	3.07996	14.4	8114
0.6	3.12662	14.4	8214
0.6	3.17329	14.4	8314
0.6	3.12662	14.4	8415
0.6	3.12662	14.4	8515
0.6	3.12662	14.4	8615
0.6	3.12662	14.4	8715
0.6	3.12662	14.4	8816
0.6	3.17329	14.4	8916
on_up_down_arrow_release
0.4	3.17329	9.6	9016
0.4	3.07996	9.6	9117
0.4	3.07996	9.6	9217
0.4	2.98662	9.6	9317
0.4	2.93996	9.6	9418
0.4	2.89329	9.6	9518
0.4	2.84663	9.6	9618
0.4	2.84663	9.6	9718
0.4	2.79996	9.6	9819
0.4	2.75329	9.6	9919
0.4	2.70663	9.6	10019
0.4	2.75329	9.6	10119
0.4	2.65996	9.6	10220
0.4	2.65996	9.6	10320
0.4	2.6133	9.6	10420
0.4	2.6133	9.6	10520
0.4	2.6133	9.6	10620
0.4	2.51996	9.6	10721
0.4	2.56663	9.6	10821
0.4	2.51996	9.6	10921
0.4	2.4733	9.6	11022
0.4	2.37997	9.6	11122
0.4	2.42663	9.6	11222
0.4	2.42663	9.6	11322
0.4	2.37997	9.6	11423
0.4	2.42663	9.6	11523
0.4	2.3333	9.6	11623
0.4	2.3333	9.6	11724
0.4	2.3333	9.6	11824
0.4	2.28663	9.6	11924
0.4	2.28663	9.6	12025
0.4	2.23997	9.6	12125
0.4	2.1933	9.6	12225
0.4	2.23997	9.6	12325
0.4	2.14664	9.6	12425
0.4	2.1933	9.6	12526
0.4	2.1933	9.6	12626
0.4	2.14664	9.6	12726
0.4	2.1933	9.6	12826
0.4	2.14664	9.6	12926
0.4	2.09997	9.6	13027
0.4	2.09997	9.6	13127
0.4	2.09997	9.6	13227
0.4	2.09997	9.6	13327
0.4	2.0533	9.6	13427
0.4	2.0533	9.6	13528
0.4	2.0533	9.6	13628
0.4	2.0533	9.6	13729
0.4	2.0533	9.6	13829
0.4	2.00664	9.6	13929
0.4	2.00664	9.6	14029
0.4	1.95997	9.6	14130
0.4	2.00664	9.6	14230
0.4	1.95997	9.6	14330
0.4	1.95997	9.6	14430
0.4	2.00664	9.6	14530
0.4	1.95997	9.6	14631
0.4	2.00664	9.6	14731
0.4	1.95997	9.6	14831
0.4	1.91331	9.6	14931
0.4	1.95997	9.6	15031
0.4	1.95997	9.6	15132
0.4	1.95997	9.6	15232
0.4	2.00664	9.6	15332
0.4	1.95997	9.6	15432
0.4	1.91331	9.6	15533
0.4	1.95997	9.6	15633
0.4	1.91331	9.6	15733
0.4	1.95997	9.6	15833
0.4	1.91331	9.6	15933
0.4	1.91331	9.6	16033
0.4	1.91331	9.6	16134
0.4	1.86664	9.6	16234
0.4	1.91331	9.6	16334
0.4	1.86664	9.6	16434
0.4	1.86664	9.6	16534
0.4	1.91331	9.6	16635
0.4	1.86664	9.6	16735
0.4	1.91331	9.6	16835
0.4	1.86664	9.6	16935
on_left_right_arrow_release
0	1.86664	0	17035
0	1.81997	0	17136
0	1.72664	0	17236
0	1.63331	0	17336
0	1.53998	0	17436
0	1.49331	0	17538
0	1.39998	0	17638
0	1.30665	0	17738
0	1.21332	0	17838
0	1.16665	0	17938
0	1.11998	0	18039
0	1.02665	0	18139
0	0.979986	0	18239
0	0.886654	0	18339
0	0.886654	0	18440
0	0.746656	0	18540
0	0.653324	0	18640
0	0.513326	0	18741
0	0.326662	0	18841
0	0.046666	0	18941
0	0.046666	0	19041
