0	0	0	100
0	0	0	200
0	0	0	301
0	0	0	401
0	0	0	501
0	0	0	601
0	0	0	702
0	0	0	802
0	0	0	902
0	0	0	1002
0	0	0	1102
0	0	0	1202
0	0	0	1302
0	0	0	1403
0	0	0	1503
0	0	0	1603
0	0	0	1703
0	0	0	1803
0	0	0	1903
0	0	0	2003
0	0	0	2103
0	0	0	2204
0	0	0	2304
0	0	0	2404
0	0	0	2504
0	0	0	2604
0	0	0	2704
0	0	0	2804
on_left_right_arrow_release
0.5	0	12	2904
0.5	0.046666	12	3005
0.5	0.23333	12	3105
0.5	0.326662	12	3205
0.5	0.419994	12	3305
0.5	0.513326	12	3405
0.5	0.606658	12	3505
0.5	0.746656	12	3606
0.5	0.793322	12	3706
0.5	0.886654	12	3806
0.5	0.93332	12	3906
0.5	1.07332	12	4006
0.5	1.07332	12	4106
0.5	1.21332	12	4207
0.5	1.25998	12	4307
0.5	1.35331	12	4407
0.5	1.35331	12	4507
0.5	1.44665	12	4607
0.5	1.49331	12	4707
0.5	1.58664	12	4807
0.5	1.58664	12	4908
0.5	1.67998	12	5008
0.5	1.67998	12	5108
0.5	1.72664	12	5208
0.5	1.77331	12	5308
0.5	1.81997	12	5408
0.5	1.86664	12	5509
0.5	1.91331	12	5609
0.5	1.91331	12	5709
0.5	1.91331	12	5809
0.5	1.95997	12	5909
0.5	2.00664	12	6010
0.5	1.95997	12	6110
0.5	2.0533	12	6210
0.5	2.00664	12	6310
0.5	2.0533	12	6410
0.5	2.0533	12	6511
0.5	2.14664	12	6611
0.5	2.09997	12	6711
0.5	2.14664	12	6811
0.5	2.14664	12	6911
0.5	2.14664	12	7011
0.5	2.1933	12	7112
0.5	2.1933	12	7212
0.5	2.1933	12	7312
0.5	2.23997	12	7412
0.5	2.23997	12	7512
0.5	2.3333	12	7613
0.5	2.23997	12	7713
0.5	2.23997	12	7813
0.5	2.23997	12	7913
0.5	2.28663	12	8013
0.5	2.23997	12	8113
0.5	2.28663	12	8214
0.5	2.23997	12	8314
0.5	2.3333	12	8414
0.5	2.3333	12	8514
0.5	2.3333	12	8614
0.5	2.3333	12	8714
0.5	2.3333	12	8815
0.5	2.37997	12	8915
0.5	2.37997	12	9015
0.5	2.37997	12	9115
0.5	2.37997	12	9215
0.5	2.37997	12	9316
0.5	2.37997	12	9416
0.5	2.3333	12	9516
0.5	2.37997	12	9616
0.5	2.37997	12	9716
0.5	4.8066	12	9817
0.5	2.37997	12	9917
0.5	2.42663	12	10017
0.5	2.42663	12	10117
0.5	2.42663	12	10218
0.5	2.37997	12	10318
0.5	2.42663	12	10418
0.5	2.42663	12	10518
0.5	2.37997	12	10619
0.5	2.42663	12	10719
0.5	2.37997	12	10819
0.5	2.4733	12	10920
0.5	2.37997	12	11020
on_up_down_arrow_release
0.6	2.42663	14.4	11120
0.6	2.42663	14.4	11220
0.6	2.4733	14.4	11321
0.6	2.56663	14.4	11421
0.6	2.56663	14.4	11521
0.6	2.56663	14.4	11621
0.6	2.6133	14.4	11722
0.6	2.6133	14.4	11822
0.6	2.6133	14.4	11922
0.6	2.65996	14.4	12022
0.6	2.6133	14.4	12123
0.6	2.75329	14.4	12223
0.6	2.70663	14.4	12323
0.6	2.79996	14.4	12423
0.6	2.79996	14.4	12524
0.6	2.79996	14.4	12624
0.6	2.79996	14.4	12724
0.6	2.79996	14.4	12824
0.6	2.89329	14.4	12924
0.6	2.84663	14.4	13024
0.6	2.84663	14.4	13125
0.6	2.89329	14.4	13225
0.6	2.93996	14.4	13325
0.6	2.84663	14.4	13425
0.6	2.89329	14.4	13525
0.6	2.93996	14.4	13625
0.6	2.89329	14.4	13725
0.6	2.89329	14.4	13825
0.6	2.89329	14.4	13926
0.6	2.93996	14.4	14026
0.6	2.93996	14.4	14126
0.6	2.93996	14.4	14226
0.6	2.93996	14.4	14326
0.6	2.89329	14.4	14426
0.6	2.93996	14.4	14526
0.6	2.93996	14.4	14627
0.6	2.93996	14.4	14727
0.6	2.98662	14.4	14827
0.6	3.03329	14.4	14927
0.6	2.98662	14.4	15027
0.6	3.03329	14.4	15127
0.6	3.03329	14.4	15227
0.6	3.03329	14.4	15327
0.6	3.03329	14.4	15428
0.6	3.07996	14.4	15528
0.6	3.03329	14.4	15628
0.6	3.07996	14.4	15728
0.6	3.07996	14.4	15828
0.6	3.07996	14.4	15928
0.6	3.07996	14.4	16028
0.6	3.07996	14.4	16129
0.6	3.07996	14.4	16229
0.6	3.12662	14.4	16329
0.6	3.07996	14.4	16429
0.6	3.07996	14.4	16529
0.6	3.12662	14.4	16629
0.6	3.12662	14.4	16729
0.6	3.07996	14.4	16829
0.6	3.12662	14.4	16930
0.6	3.07996	14.4	17030
0.6	3.12662	14.4	17130
0.6	3.07996	14.4	17230
0.6	3.12662	14.4	17330
0.6	3.07996	14.4	17430
0.6	3.12662	14.4	17531
0.6	3.21995	14.4	17631
0.6	3.07996	14.4	17731
0.6	3.17329	14.4	17831
0.6	3.12662	14.4	17931
0.6	3.17329	14.4	18031
0.6	3.17329	14.4	18132
0.6	3.17329	14.4	18232
0.6	3.17329	14.4	18332
0.6	3.12662	14.4	18432
0.6	3.12662	14.4	18532
0.6	3.07996	14.4	18633
0.6	3.12662	14.4	18733
0.6	3.12662	14.4	18833
0.6	3.17329	14.4	18933
0.6	3.12662	14.4	19033
0.6	3.12662	14.4	19134
0.6	3.12662	14.4	19234
0.6	3.12662	14.4	19334
0.6	3.12662	14.4	19434
0.6	3.12662	14.4	19535
on_left_right_arrow_release
0	3.12662	0	19636
0	3.03329	0	19736
0	2.79996	0	19836
0	2.70663	0	19936
0	2.6133	0	20036
0	2.51996	0	20137
0	2.37997	0	20237
0	2.28663	0	20337
0	2.14664	0	20437
0	2.0533	0	20537
0	1.95997	0	20637
0	1.86664	0	20738
0	1.58664	0	20838
0	1.63331	0	20938
0	1.58664	0	21038
0	1.53998	0	21138
0	1.44665	0	21238
0	1.35331	0	21339
0	1.30665	0	21439
0	1.21332	0	21539
-0.03	1.16665	-0.72	21639
-0.67	1.07332	-16.08	21739
-0.278	0.46666	-6.672	21840
0	0.419994	0	21940
0	0.559992	0	22040
0	0.513326	0	22140
-0.824	0.46666	-19.776	22240
0	0.326662	0	22340
0	0.279996	0	22441
0	0.046666	0	22541
0	0.046666	0	22641
0	0.046666	0	22741
0	0	0	22841
0	0	0	22942
0	0	0	23042
0	0	0	23142
0	0	0	23242
0	0	0	23342
0	0	0	23442
0	0	0	23543
0	0	0	23643
0	0	0	23743
0	0	0	23843
0	0	0	23943
0	0	0	24044
0	0	0	24144
0	0	0	24244
0	0	0	24344
0	0	0	24445
0	0	0	24545
0	0	0	24645
0	0	0	24745
0	0	0	24846
0	0	0	24946
0	0	0	25046
0	0	0	25146
0	0	0	25246
0	0	0	25346
0	0	0	25447
0	0	0	25547
0	0	0	25647
0	0	0	25747
0	0	0	25847
0	0	0	25948
0	0	0	26048
24.2
