0	0	0	100
0	0	0	200
0	0	0	300
0	0	0	400
0	0	0	500
0	0	0	601
0	0	0	701
0	0	0	801
0	0	0	901
0	0	0	1001
0	0	0	1101
0	0	0	1201
0	0	0	1301
0	0	0	1402
0	0	0	1502
0	0	0	1602
0	0	0	1702
on_left_right_arrow_release
0	0	0	1802
0.5	0	12	1902
0.5	0.093332	12	2002
0.5	0.186664	12	2103
0.5	0.279996	12	2203
0.5	0.419994	12	2303
0.5	0.513326	12	2403
0.5	0.559992	12	2503
0.5	0.69999	12	2603
0.5	0.793322	12	2704
0.5	0.839988	12	2804
0.5	0.979986	12	2904
0.5	1.02665	12	3004
0.5	1.07332	12	3104
0.5	1.21332	12	3205
0.5	1.21332	12	3305
0.5	1.25998	12	3405
0.5	1.30665	12	3505
0.5	1.35331	12	3605
0.5	1.35331	12	3706
0.5	1.44665	12	3806
0.5	1.49331	12	3906
0.5	1.49331	12	4006
0.5	1.58664	12	4106
0.5	1.58664	12	4206
0.5	1.63331	12	4306
0.5	1.72664	12	4406
0.5	1.72664	12	4507
0.5	1.72664	12	4607
0.5	1.77331	12	4707
0.5	1.81997	12	4807
0.5	1.81997	12	4907
0.5	1.86664	12	5007
0.5	1.91331	12	5108
0.5	1.91331	12	5208
0.5	1.95997	12	5308
0.5	2.00664	12	5408
0.5	1.95997	12	5508
0.5	2.0533	12	5608
0.5	2.00664	12	5709
0.5	2.0533	12	5809
0.5	2.09997	12	5909
0.5	2.09997	12	6009
0.5	2.09997	12	6109
0.5	2.09997	12	6210
0.5	2.14664	12	6310
0.5	2.1933	12	6410
0.5	2.1933	12	6510
0.5	2.1933	12	6611
0.5	2.1933	12	6711
0.5	2.23997	12	6811
0.5	2.23997	12	6911
0.5	2.28663	12	7011
0.5	2.23997	12	7111
0.5	2.28663	12	7212
0.5	2.23997	12	7312
0.5	2.3333	12	7412
0.5	2.28663	12	7512
0.5	2.28663	12	7612
0.5	2.28663	12	7713
0.5	2.28663	12	7813
0.5	2.28663	12	7913
0.5	2.3333	12	8013
0.5	2.3333	12	8113
0.5	2.3333	12	8214
0.5	2.28663	12	8314
0.5	2.3333	12	8414
0.5	2.3333	12	8514
0.5	2.37997	12	8614
0.5	2.3333	12	8715
0.5	2.37997	12	8815
0.5	2.3333	12	8915
0.5	2.37997	12	9015
0.5	2.37997	12	9116
0.5	2.42663	12	9216
0.5	2.37997	12	9316
0.5	2.37997	12	9416
0.5	2.42663	12	9516
0.5	2.37997	12	9617
0.5	2.42663	12	9717
0.5	2.42663	12	9817
0.5	2.42663	12	9917
0.5	2.42663	12	10018
0.5	2.42663	12	10118
0.5	2.42663	12	10218
0.5	2.37997	12	10319
0.5	2.42663	12	10419
0.5	2.23997	12	10519
0.5	2.42663	12	10619
0.5	2.42663	12	10720
0.5	2.37997	12	10820
0.5	2.37997	12	10920
0.5	2.37997	12	11020
0.5	2.37997	12	11121
0.5	2.37997	12	11221
0.5	2.42663	12	11321
0.5	2.42663	12	11421
0.5	2.42663	12	11521
0.5	2.37997	12	11622
0.5	2.37997	12	11722
0.5	2.37997	12	11822
0.5	2.37997	12	11922
0.5	2.42663	12	12022
0.5	2.42663	12	12123
0.5	2.37997	12	12223
0.5	2.42663	12	12323
0.5	2.37997	12	12423
0.5	2.37997	12	12523
0.5	2.42663	12	12623
0.5	2.42663	12	12724
0.5	2.42663	12	12824
0.5	2.4733	12	12924
0.5	2.4733	12	13024
0.5	2.4733	12	13124
0.5	2.42663	12	13225
0.5	2.42663	12	13325
0.5	2.42663	12	13425
0.5	2.4733	12	13525
0.5	2.4733	12	13625
0.5	2.4733	12	13725
0.5	2.4733	12	13826
0.5	2.4733	12	13926
0.5	2.42663	12	14026
0.5	2.4733	12	14126
0.5	2.4733	12	14226
0.5	2.42663	12	14327
0.5	2.4733	12	14427
0.5	2.51996	12	14527
0.5	2.42663	12	14627
0.5	2.4733	12	14727
0.5	2.42663	12	14827
0.5	2.4733	12	14928
0.5	2.4733	12	15028
0.5	2.4733	12	15128
0.5	2.4733	12	15228
0.5	2.4733	12	15328
0.5	2.4733	12	15429
0.5	2.42663	12	15529
0.5	2.4733	12	15629
0.5	2.4733	12	15729
0.5	2.42663	12	15830
0.5	2.51996	12	15930
0.5	2.4733	12	16030
0.5	2.4733	12	16131
0.5	2.4733	12	16231
0.5	2.4733	12	16331
0.5	2.42663	12	16431
0.5	2.4733	12	16532
0.5	2.4733	12	16632
0.5	2.4733	12	16732
0.5	2.4733	12	16832
0.5	2.51996	12	16932
0.5	2.42663	12	17033
0.5	2.4733	12	17133
0.5	2.4733	12	17233
0.5	2.42663	12	17333
0.5	2.4733	12	17433
0.5	2.4733	12	17533
0.5	2.4733	12	17634
0.5	2.51996	12	17734
0.5	2.4733	12	17834
0.5	2.51996	12	17934
0.5	2.4733	12	18034
0	2.4733	0	18135
on_left_right_arrow_release
0	2.37997	0	18235
0	2.23997	0	18335
0	2.09997	0	18435
0	2.0533	0	18535
0	1.95997	0	18636
0	1.86664	0	18736
0	1.86664	0	18836
0	3.35995	0	18936
0	1.58664	0	19036
0	1.49331	0	19136
0	1.39998	0	19237
0	1.30665	0	19337
0	1.25998	0	19437
0	1.11998	0	19537
0	1.07332	0	19637
0	1.02665	0	19738
0	0.886654	0	19838
0	0.839988	0	19938
0	0.793322	0	20039
0	0.746656	0	20139
0	0.746656	0	20239
0	0.69999	0	20339
0	0.653324	0	20440
0	0.559992	0	20540
0	0.559992	0	20641
0	0.513326	0	20741
0	0.513326	0	20841
0	0.419994	0	20941
0	0.373328	0	21041
0	0.373328	0	21142
0	0.279996	0	21242
0	0.279996	0	21342
0	0.23333	0	21442
0	0.186664	0	21543
0	0.139998	0	21643
0	0.093332	0	21743
0	0.046666	0	21843
0	0.046666	0	21943
0	0	0	22044
0	0	0	22144
0	0	0	22244
0	0	0	22344
0	0	0	22444
0	0	0	22544
0	0	0	22645
0	0	0	22745
0	0	0	22845
0	0	0	22945
0	0	0	23045
0	0	0	23145
0	0	0	23246
0	0	0	23346
0	0	0	23446

