0	0	0	100
0	0	0	200
0	0	0	300
0	0	0	400
0	0	0	500
0	0	0	600
0	0	0	701
0	0	0	801
0	0	0	901
0	0	0	1001
0	0	0	1101
on_left_right_arrow_release
0.5	0	12	1201
0.5	0.046666	12	1302
0.5	0.186664	12	1402
0.5	0.326662	12	1502
0.5	0.373328	12	1602
0.5	0.513326	12	1702
0.5	0.559992	12	1802
0.5	0.69999	12	1903
0.5	0.793322	12	2003
0.5	0.886654	12	2103
0.5	0.93332	12	2203
0.5	1.02665	12	2303
0.5	1.07332	12	2404
0.5	1.16665	12	2504
0.5	1.21332	12	2604
0.5	1.30665	12	2704
0.5	1.30665	12	2804
0.5	1.39998	12	2904
0.5	1.44665	12	3004
0.5	1.53998	12	3105
0.5	1.53998	12	3205
0.5	1.63331	12	3305
0.5	1.58664	12	3405
0.5	1.72664	12	3505
0.5	1.72664	12	3605
0.5	1.86664	12	3705
0.5	1.81997	12	3805
0.5	1.86664	12	3906
0.5	1.86664	12	4006
0.5	1.95997	12	4106
0.5	1.95997	12	4206
0.5	1.95997	12	4306
0.5	2.00664	12	4406
0.5	2.00664	12	4506
0.5	2.0533	12	4607
0.5	2.0533	12	4707
0.5	2.0533	12	4807
0.5	2.14664	12	4907
0.5	2.09997	12	5008
0.5	2.14664	12	5108
0.5	2.09997	12	5208
0.5	2.14664	12	5308
0.5	2.1933	12	5408
0.5	2.1933	12	5509
0.5	2.23997	12	5609
0.5	2.28663	12	5709
0.5	2.28663	12	5810
0.5	2.28663	12	5910
0.5	2.28663	12	6010
0.5	2.3333	12	6111
0.5	2.3333	12	6211
0.5	2.3333	12	6311
0.5	2.28663	12	6411
0.5	2.3333	12	6511
0.5	2.28663	12	6612
0.5	2.37997	12	6712
0.5	2.37997	12	6812
0.5	2.3333	12	6913
0.5	2.37997	12	7013
0.5	2.3333	12	7113
0.5	2.42663	12	7213
0.5	2.3333	12	7313
0.5	2.42663	12	7414
0.5	2.37997	12	7514
0.5	2.37997	12	7614
0.5	2.42663	12	7714
0.5	2.42663	12	7814
0.5	2.42663	12	7914
0.5	2.4733	12	8015
0.5	2.42663	12	8115
0.5	2.4733	12	8215
0.5	2.42663	12	8315
0.5	2.4733	12	8415
0.5	2.4733	12	8516
0.5	2.42663	12	8616
0.5	2.4733	12	8716
0.5	2.4733	12	8816
0.5	2.51996	12	8916
0.5	2.4733	12	9016
0.5	2.51996	12	9117
0.5	2.4733	12	9217
0.5	2.42663	12	9317
0.5	2.4733	12	9417
0.5	2.4733	12	9517
0.5	2.42663	12	9618
0.5	2.51996	12	9718
0.5	2.4733	12	9818
0.5	2.4733	12	9918
0.5	2.4733	12	10018
0.5	2.51996	12	10119
0.5	2.4733	12	10219
0.5	2.4733	12	10319
0.5	2.51996	12	10420
0.5	2.51996	12	10520
0.5	2.51996	12	10620
0.4	2.56663	9.6	10720
on_up_down_arrow_release
0.4	2.51996	9.6	10821
0.4	2.4733	9.6	10921
0.4	2.4733	9.6	11021
0.4	2.42663	9.6	11121
0.4	2.42663	9.6	11221
0.4	2.37997	9.6	11321
0.4	2.37997	9.6	11422
0.4	2.37997	9.6	11522
0.4	2.37997	9.6	11622
0.4	2.3333	9.6	11722
0.4	2.3333	9.6	11822
0.4	2.28663	9.6	11922
0.4	2.28663	9.6	12022
0.4	2.23997	9.6	12122
0.4	2.23997	9.6	12223
0.4	2.1933	9.6	12323
0.4	2.1933	9.6	12423
0.4	2.23997	9.6	12523
0.4	2.23997	9.6	12623
0.4	2.1933	9.6	12723
0.4	2.1933	9.6	12823
0.4	2.14664	9.6	12923
0.4	2.14664	9.6	13024
0.4	2.14664	9.6	13124
0.4	2.14664	9.6	13224
0.4	2.09997	9.6	13324
0.4	2.09997	9.6	13424
0.4	2.09997	9.6	13524
0.4	2.0533	9.6	13624
0.4	2.09997	9.6	13725
0.4	2.0533	9.6	13825
0.4	2.0533	9.6	13925
0.4	2.0533	9.6	14025
0.4	2.00664	9.6	14125
0.4	2.00664	9.6	14225
0.4	2.0533	9.6	14325
0.4	2.00664	9.6	14426
0.4	2.00664	9.6	14526
0.4	2.00664	9.6	14626
0.4	2.00664	9.6	14726
0.4	1.95997	9.6	14826
0.4	2.00664	9.6	14927
0.4	2.00664	9.6	15027
0.4	1.95997	9.6	15127
0.4	1.95997	9.6	15227
0.4	1.95997	9.6	15327
0.4	1.91331	9.6	15427
0.4	1.91331	9.6	15527
0.4	1.86664	9.6	15628
0.4	1.91331	9.6	15728
0.4	1.91331	9.6	15828
0.4	1.91331	9.6	15928
0.4	1.91331	9.6	16028
0.4	1.91331	9.6	16128
0.4	1.91331	9.6	16229
0.4	1.91331	9.6	16329
0.4	1.91331	9.6	16429
0.4	1.91331	9.6	16529
0.4	1.86664	9.6	16629
0.4	1.91331	9.6	16729
0.4	1.86664	9.6	16830
0.4	1.86664	9.6	16930
0.4	1.91331	9.6	17030
0.4	1.86664	9.6	17130
0.4	1.91331	9.6	17230
0.4	1.86664	9.6	17330
0.4	1.86664	9.6	17431
0.4	1.81997	9.6	17531
0.4	1.86664	9.6	17631
0.4	1.86664	9.6	17731
0.4	1.86664	9.6	17831
0.4	1.81997	9.6	17932
0.4	1.86664	9.6	18032
0.4	1.86664	9.6	18132
0.4	1.86664	9.6	18232
0.4	1.86664	9.6	18332
0.4	1.86664	9.6	18433
0.4	1.86664	9.6	18533
0.4	1.86664	9.6	18633
0.4	1.86664	9.6	18733
0.4	1.86664	9.6	18833
0.4	1.81997	9.6	18934
0.4	1.81997	9.6	19034
0.4	3.68661	9.6	19134
0.4	1.86664	9.6	19235
0.4	1.77331	9.6	19335
0.4	1.81997	9.6	19435
0.4	1.81997	9.6	19536
0.4	1.81997	9.6	19636
0.4	1.86664	9.6	19736
0.4	1.81997	9.6	19836
0.4	1.86664	9.6	19937
0.4	1.81997	9.6	20037
0.4	1.81997	9.6	20137
0.4	1.81997	9.6	20238
0.4	1.81997	9.6	20338
on_left_right_arrow_release
0	1.86664	0	20438
0	1.77331	0	20539
0	1.67998	0	20639
0	1.58664	0	20739
0	1.49331	0	20839
0	1.44665	0	20940
0	1.35331	0	21040
0	1.25998	0	21140
0	1.21332	0	21240
0	1.11998	0	21341
0	1.07332	0	21441
0	1.02665	0	21541
0	0.93332	0	21641
0	0.93332	0	21742
0	0.839988	0	21842
0	0.793322	0	21942
0	0.746656	0	22042
0	0.69999	0	22143
0	0.653324	0	22243
0	0.559992	0	22343
0	0.559992	0	22444
0	0.513326	0	22544
0	0.46666	0	22644
0	0.419994	0	22744
0	0.326662	0	22844
0	0.326662	0	22945
0	0.326662	0	23045
0	0.279996	0	23145
0	0.23333	0	23245
0	0.186664	0	23345
0	0.186664	0	23445
0	0.139998	0	23546
0	0.093332	0	23646
0	0.046666	0	23746
0	0.046666	0	23846
0	0	0	23946
0	0	0	24046
0	0	0	24147
0	0	0	24247
0	0	0	24347
0	0	0	24447
0	0	0	24547
0	0	0	24648
0	0	0	24748
0	0	0	24848
0	0	0	24948
0	0	0	25048
0	0	0	25148
