0	0	0	100
0	0	0	200
0	0	0	300
on_left_right_arrow_release
0.5	0	12	400
0.5	0.046666	12	500
0.5	0.23333	12	600
0.5	0.326662	12	700
0.5	0.46666	12	801
0.5	0.559992	12	901
0.5	0.69999	12	1001
0.5	0.793322	12	1101
0.5	0.839988	12	1201
0.5	0.979986	12	1301
0.5	1.02665	12	1401
0.5	1.07332	12	1502
0.5	1.16665	12	1602
0.5	1.21332	12	1702
0.5	1.25998	12	1802
0.5	1.30665	12	1902
0.5	1.35331	12	2002
0.5	1.44665	12	2102
0.5	1.44665	12	2202
0.5	1.49331	12	2303
0.5	1.53998	12	2403
0.5	1.58664	12	2503
0.5	1.63331	12	2603
0.5	1.63331	12	2703
0.5	1.72664	12	2803
0.5	1.72664	12	2903
0.5	1.81997	12	3004
0.5	1.81997	12	3104
0.5	1.86664	12	3204
0.5	1.86664	12	3304
0.5	1.95997	12	3404
0.5	1.95997	12	3504
0.5	2.00664	12	3604
0.5	1.95997	12	3704
0.5	2.0533	12	3805
0.5	2.0533	12	3905
0.5	2.0533	12	4005
0.5	2.0533	12	4105
0.5	2.14664	12	4205
0.5	2.09997	12	4305
0.5	2.09997	12	4405
0.5	2.14664	12	4506
0.5	2.14664	12	4606
0.5	2.1933	12	4706
0.5	2.1933	12	4806
0.5	2.14664	12	4906
0.5	2.23997	12	5006
0.5	2.1933	12	5106
0.5	2.1933	12	5207
0.5	2.23997	12	5307
0.5	2.23997	12	5407
0.5	2.23997	12	5507
0.5	2.23997	12	5607
0.5	2.23997	12	5708
0.5	2.3333	12	5808
0.5	2.28663	12	5908
0.5	2.28663	12	6008
0.5	2.3333	12	6108
0.5	2.28663	12	6209
0.5	2.28663	12	6309
0.5	2.3333	12	6409
0.5	2.28663	12	6509
0.5	2.3333	12	6609
0.5	2.28663	12	6710
0.5	2.37997	12	6810
0.5	2.28663	12	6910
0.5	2.37997	12	7011
0.5	2.3333	12	7111
0.5	2.37997	12	7211
0.5	2.37997	12	7311
0.5	2.37997	12	7411
0.5	2.42663	12	7512
0.5	2.3333	12	7612
0.5	2.37997	12	7712
0.5	2.42663	12	7812
0.5	2.42663	12	7912
0.5	2.37997	12	8013
0.5	2.37997	12	8113
0.5	2.42663	12	8213
0.5	2.3333	12	8313
0.5	2.42663	12	8413
0.5	2.37997	12	8513
0.5	2.37997	12	8613
0.5	2.42663	12	8713
0.5	2.3333	12	8814
0.5	2.42663	12	8914
0.5	2.37997	12	9014
0.5	2.3333	12	9114
0.5	2.42663	12	9214
0.5	2.3333	12	9314
0.5	2.42663	12	9415
0.5	2.51996	12	9515
0.5	2.51996	12	9615
0.5	4.85326	12	9715
0.5	2.4733	12	9815
0.5	2.37997	12	9915
0.5	2.42663	12	10015
0.5	2.42663	12	10116
0.5	2.42663	12	10216
0.5	2.42663	12	10316
0.5	2.37997	12	10416
0.5	2.4733	12	10516
0.5	2.37997	12	10616
0.5	2.51996	12	10716
0.5	2.51996	12	10816
0.5	2.37997	12	10917
0.5	2.42663	12	11017
0.5	2.4733	12	11117
0.5	2.37997	12	11217
0.5	2.42663	12	11317
0.5	2.37997	12	11417
0.5	2.4733	12	11517
0.5	2.42663	12	11618
0.5	2.37997	12	11718
0.5	2.42663	12	11818
0.5	2.42663	12	11918
0.5	2.37997	12	12018
0.5	2.42663	12	12118
0.5	2.42663	12	12219
0.5	2.42663	12	12319
0.5	2.42663	12	12419
0.5	2.37997	12	12519
0.5	2.42663	12	12619
0.5	2.4733	12	12719
0.5	2.42663	12	12820
0.5	2.42663	12	12920
0.5	2.42663	12	13020
0.5	2.37997	12	13120
0.5	2.42663	12	13220
0.5	2.37997	12	13321
0.5	2.37997	12	13421
0.5	2.42663	12	13521
0.5	2.37997	12	13621
0.5	2.42663	12	13721
0.5	2.37997	12	13821
0.5	2.42663	12	13922
0.5	2.37997	12	14022
0.5	2.37997	12	14122
0.5	2.42663	12	14222
0.5	2.42663	12	14322
0.5	2.37997	12	14423
0.5	2.42663	12	14523
0.5	2.42663	12	14623
0.5	2.4733	12	14723
0.5	2.37997	12	14823
0.5	2.42663	12	14923
0.5	2.37997	12	15024
0.5	2.42663	12	15124
0.5	2.37997	12	15224
0.5	2.4733	12	15324
0.5	2.42663	12	15424
0.5	2.4733	12	15525
0.5	2.4733	12	15625
0.5	2.4733	12	15725
0.5	2.37997	12	15825
0.5	2.4733	12	15925
0.5	2.42663	12	16026
0.5	2.42663	12	16126
0.5	2.42663	12	16226
0.5	2.4733	12	16326
0.5	2.42663	12	16426
0.5	2.42663	12	16526
0.5	2.42663	12	16627
0.5	2.42663	12	16727
0.5	2.42663	12	16827
0.5	2.37997	12	16927
0.5	2.42663	12	17027
0.5	2.37997	12	17128
0.5	2.42663	12	17228
0.5	2.42663	12	17328
0.5	2.42663	12	17428
0.5	2.37997	12	17529
0.5	2.42663	12	17629
0.5	2.37997	12	17729
0.5	2.37997	12	17829
0.5	2.37997	12	17929
0.5	2.37997	12	18029
0.5	2.3333	12	18130
0.5	2.42663	12	18230
0.5	2.3333	12	18330
0.5	2.42663	12	18430
0.5	2.37997	12	18530
0.5	2.37997	12	18630
0.5	2.42663	12	18731
0.5	2.37997	12	18831
0.5	2.42663	12	18931
0.5	2.37997	12	19031
0.5	2.37997	12	19131
0.5	2.37997	12	19231
0.5	2.42663	12	19332
0.5	2.37997	12	19432
0.5	2.37997	12	19532
0.5	2.3333	12	19632
0.5	2.37997	12	19732
0.5	2.37997	12	19833
0.5	2.3333	12	19933
0.5	2.37997	12	20033
0.5	2.3333	12	20133
0.5	2.3333	12	20233
0.5	2.3333	12	20333
0.5	2.3333	12	20434
0.5	2.3333	12	20534
0.5	2.3333	12	20634
0.5	2.3333	12	20734
0.5	2.3333	12	20834
0.5	2.3333	12	20935
0.5	2.3333	12	21035
0.5	2.3333	12	21135
0.5	2.28663	12	21235
0.5	2.3333	12	21335
0.5	2.3333	12	21436
0.5	2.28663	12	21536
0.5	2.3333	12	21636
0.5	2.3333	12	21736
0.5	2.3333	12	21836
0.5	2.3333	12	21936
0.5	2.3333	12	22037
0.5	2.37997	12	22137
0.5	2.3333	12	22237
0.5	2.37997	12	22337
0.5	2.3333	12	22437
0.5	2.37997	12	22538
0.5	2.37997	12	22638
0.5	2.3333	12	22738
0.4	2.3333	9.6	22839
on_up_down_arrow_release
0.4	2.3333	9.6	22939
0.4	2.28663	9.6	23040
0.4	2.28663	9.6	23140
0.4	2.23997	9.6	23240
0.4	2.23997	9.6	23340
0.4	2.1933	9.6	23440
0.4	2.14664	9.6	23541
0.4	2.09997	9.6	23641
0.4	2.14664	9.6	23741
0.4	2.09997	9.6	23841
0.4	2.09997	9.6	23941
0.4	2.09997	9.6	24041
0.4	2.0533	9.6	24142
0.4	2.0533	9.6	24242
0.4	2.09997	9.6	24342
0.4	2.0533	9.6	24442
0.4	2.0533	9.6	24543
0.4	2.0533	9.6	24643
0.4	2.00664	9.6	24743
0.4	2.00664	9.6	24843
0.4	1.95997	9.6	24943
0.4	1.95997	9.6	25044
0.4	1.91331	9.6	25144
0.4	1.91331	9.6	25244
0.4	1.86664	9.6	25344
0.4	1.91331	9.6	25445
0.4	1.86664	9.6	25545
0.4	1.86664	9.6	25645
0.4	1.86664	9.6	25746
0.4	1.81997	9.6	25846
0.4	1.86664	9.6	25946
0.4	1.81997	9.6	26047
0.4	1.77331	9.6	26147
0.4	1.81997	9.6	26247
0.4	1.81997	9.6	26347
0.4	1.81997	9.6	26447
0.4	1.77331	9.6	26548
0.4	1.86664	9.6	26648
0.4	1.77331	9.6	26748
0.4	1.81997	9.6	26849
0.4	1.81997	9.6	26949
0.4	1.77331	9.6	27049
0.4	1.81997	9.6	27150
0.4	1.77331	9.6	27250
0.4	1.81997	9.6	27351
0.4	1.77331	9.6	27452
0.4	1.81997	9.6	27553
0.4	1.81997	9.6	27654
0.4	1.77331	9.6	27754
0.4	1.77331	9.6	27854
0.4	1.81997	9.6	27954
0.4	1.77331	9.6	28055
0.4	1.81997	9.6	28155
0.4	1.77331	9.6	28255
0.4	1.77331	9.6	28355
0.4	1.81997	9.6	28456
0.4	1.72664	9.6	28556
0.4	1.77331	9.6	28657
0.4	1.77331	9.6	28758
0.4	1.72664	9.6	28858
0.4	1.72664	9.6	28958
0.4	1.72664	9.6	29059
0.4	1.67998	9.6	29159
0.4	1.72664	9.6	29259
0.4	1.72664	9.6	29359
0.4	1.72664	9.6	29459
0.4	1.72664	9.6	29559
0.4	1.72664	9.6	29659
0.4	1.72664	9.6	29760
0.4	1.72664	9.6	29860
0.4	1.72664	9.6	29960
0.4	1.72664	9.6	30060
0.4	3.45328	9.6	30160
0.4	1.72664	9.6	30260
0.4	1.72664	9.6	30360
0.4	1.72664	9.6	30461
0.4	1.67998	9.6	30561
0.4	1.72664	9.6	30661
0.4	1.67998	9.6	30761
0.4	1.67998	9.6	30862
0.4	1.72664	9.6	30962
0.4	1.72664	9.6	31062
0.4	1.67998	9.6	31162
0.4	1.72664	9.6	31262
0.4	1.72664	9.6	31362
0.4	1.67998	9.6	31463
0.4	1.63331	9.6	31563
0.4	1.67998	9.6	31663
0.4	1.63331	9.6	31763
0.4	1.67998	9.6	31863
0.4	1.63331	9.6	31963
0.4	1.63331	9.6	32063
0.4	1.67998	9.6	32163
0.4	1.63331	9.6	32264
0.4	1.72664	9.6	32364
0.4	1.67998	9.6	32464
0.4	1.67998	9.6	32564
0.4	1.67998	9.6	32664
0.4	1.67998	9.6	32764
0.4	1.67998	9.6	32864
0.4	1.67998	9.6	32965
0.4	1.72664	9.6	33065
0.4	1.67998	9.6	33165
0.4	1.72664	9.6	33265
0.4	1.67998	9.6	33365
0.4	1.72664	9.6	33465
0.4	1.67998	9.6	33565
0.4	1.72664	9.6	33666
0.4	1.67998	9.6	33766
0.4	1.72664	9.6	33866
0.4	1.72664	9.6	33966
0.4	1.72664	9.6	34066
0.4	1.67998	9.6	34167
0.4	1.72664	9.6	34267
0.4	1.67998	9.6	34367
0.4	1.72664	9.6	34467
0.4	1.67998	9.6	34567
0.4	1.72664	9.6	34668
0.4	1.67998	9.6	34768
0.4	1.63331	9.6	34868
0.4	1.67998	9.6	34968
0.4	1.63331	9.6	35068
0.4	1.63331	9.6	35169
0.4	1.67998	9.6	35269
0.4	1.67998	9.6	35369
0.4	1.67998	9.6	35469
0.4	1.67998	9.6	35569
0.4	1.67998	9.6	35669
0.4	1.67998	9.6	35770
0.4	1.67998	9.6	35870
0.4	1.63331	9.6	35970
0.4	1.67998	9.6	36070
0.4	1.67998	9.6	36170
0.4	1.67998	9.6	36271
0.4	1.67998	9.6	36371
0.4	1.67998	9.6	36471
0.4	1.67998	9.6	36571
0.4	1.67998	9.6	36671
0.4	1.67998	9.6	36771
0.4	1.67998	9.6	36872
0.4	1.63331	9.6	36972
0.4	1.67998	9.6	37072
0.4	1.67998	9.6	37172
0.4	1.67998	9.6	37272
0.4	1.72664	9.6	37373
0.4	1.67998	9.6	37473
0.4	1.67998	9.6	37573
0.4	1.72664	9.6	37673
0.4	1.67998	9.6	37773
0.4	1.72664	9.6	37873
0.4	1.67998	9.6	37974
0.4	1.72664	9.6	38074
0.4	1.72664	9.6	38174
0.4	1.63331	9.6	38274
0.4	1.72664	9.6	38374
0.4	1.63331	9.6	38475
0.4	1.67998	9.6	38575
0.4	1.67998	9.6	38675
0.4	1.63331	9.6	38775
0.4	1.67998	9.6	38875
0.4	1.67998	9.6	38975
0.4	1.67998	9.6	39076
0.4	1.63331	9.6	39176
0.4	1.67998	9.6	39276
0.4	1.63331	9.6	39376
0.4	1.67998	9.6	39477
0.4	1.67998	9.6	39577
0.4	1.67998	9.6	39677
0.4	1.67998	9.6	39777
0.4	1.67998	9.6	39878
0.4	1.67998	9.6	39978
0.4	1.63331	9.6	40078
0.4	1.67998	9.6	40178
0.4	1.63331	9.6	40278
0.4	1.67998	9.6	40379
0.4	1.63331	9.6	40479
0.4	1.67998	9.6	40579
0.4	1.67998	9.6	40680
0.4	1.67998	9.6	40780
0.4	1.63331	9.6	40880
0.4	1.67998	9.6	40980
0.4	1.63331	9.6	41081
0.4	1.67998	9.6	41181
0.4	1.63331	9.6	41281
0.4	1.67998	9.6	41381
0.4	1.67998	9.6	41481
0.4	1.67998	9.6	41581
0.4	1.63331	9.6	41682
0.4	1.67998	9.6	41782
0.4	1.67998	9.6	41882
0.4	1.67998	9.6	41982
0.4	1.72664	9.6	42082
0.4	1.63331	9.6	42183
0.4	1.63331	9.6	42283
0.4	1.72664	9.6	42383
0.4	1.67998	9.6	42483
0.4	1.67998	9.6	42583
0.4	1.67998	9.6	42684
0.4	1.63331	9.6	42784
0.4	1.72664	9.6	42884
0.4	1.67998	9.6	42984
0.4	1.72664	9.6	43085
0.4	1.72664	9.6	43185
0.4	1.72664	9.6	43285
0.4	1.72664	9.6	43385
0.4	1.67998	9.6	43485
0.4	1.72664	9.6	43586
0.4	1.72664	9.6	43686
0.4	1.67998	9.6	43786
0.4	1.72664	9.6	43886
0.4	1.72664	9.6	43986
0.4	1.72664	9.6	44086
0.4	1.67998	9.6	44187
0.4	1.67998	9.6	44287
0.4	1.72664	9.6	44387
0.4	1.67998	9.6	44487
0.4	1.72664	9.6	44588
0.4	1.72664	9.6	44688
0.4	1.67998	9.6	44788
0.4	1.72664	9.6	44888
0.4	1.67998	9.6	44989
0.4	1.72664	9.6	45089
0.4	1.72664	9.6	45189
0.4	1.67998	9.6	45289
0.4	1.72664	9.6	45389
0.4	1.67998	9.6	45490
0.4	1.72664	9.6	45590
0.4	1.72664	9.6	45690
0.4	1.72664	9.6	45790
0.4	1.72664	9.6	45890
0.4	1.72664	9.6	45991
0.4	1.72664	9.6	46091
0.4	1.72664	9.6	46191
0.4	1.72664	9.6	46291
0.4	1.67998	9.6	46392
0.4	1.72664	9.6	46492
0.4	1.67998	9.6	46592
0.4	1.67998	9.6	46693
0.4	1.72664	9.6	46793
0.4	1.63331	9.6	46893
0.4	1.67998	9.6	46994
0.4	1.67998	9.6	47094
0.4	1.67998	9.6	47194
0.4	1.67998	9.6	47294
0.4	1.63331	9.6	47395
0.4	1.67998	9.6	47495
0.4	1.63331	9.6	47595
0.4	1.67998	9.6	47696
0.4	1.63331	9.6	47796
0.4	1.67998	9.6	47896
0.6	1.67998	14.4	47997
on_up_down_arrow_release
0.6	1.72664	14.4	48097
0.6	1.81997	14.4	48198
0.6	1.86664	14.4	48298
0.6	1.86664	14.4	48398
0.6	2.00664	14.4	48499
0.6	1.95997	14.4	48599
0.6	2.09997	14.4	48699
0.6	2.09997	14.4	48799
0.6	2.14664	14.4	48900
0.6	2.23997	14.4	49000
0.6	2.1933	14.4	49100
0.6	2.28663	14.4	49200
0.6	2.28663	14.4	49300
0.6	2.3333	14.4	49400
0.6	2.42663	14.4	49501
0.6	2.3333	14.4	49601
0.6	2.3333	14.4	49701
0.6	4.89993	14.4	49801
0.6	2.51996	14.4	49902
0.6	2.56663	14.4	50002
0.6	2.56663	14.4	50102
0.6	2.51996	14.4	50203
0.6	2.56663	14.4	50303
0.6	2.56663	14.4	50403
0.6	2.6133	14.4	50504
0.6	2.65996	14.4	50604
0.6	2.65996	14.4	50704
0.6	2.70663	14.4	50805
0.6	2.65996	14.4	50905
0.6	2.75329	14.4	51005
0.6	2.70663	14.4	51106
0.6	2.75329	14.4	51206
0.6	2.70663	14.4	51306
0.6	2.79996	14.4	51406
0.6	2.70663	14.4	51506
0.6	2.79996	14.4	51607
0.6	2.75329	14.4	51707
0.6	2.70663	14.4	51807
0.6	2.75329	14.4	51907
0.6	2.75329	14.4	52007
0.6	2.75329	14.4	52108
0.6	2.79996	14.4	52208
0.6	2.79996	14.4	52308
0.6	2.79996	14.4	52408
0.6	2.84663	14.4	52508
0.6	2.84663	14.4	52609
0.6	2.84663	14.4	52709
0.6	2.89329	14.4	52809
0.6	2.84663	14.4	52909
0.6	2.84663	14.4	53010
0.6	2.84663	14.4	53110
0.6	2.89329	14.4	53210
0.6	2.79996	14.4	53311
0.6	2.75329	14.4	53411
0.6	2.79996	14.4	53511
0.6	2.89329	14.4	53612
0.6	2.84663	14.4	53712
0.6	2.79996	14.4	53812
0.6	2.79996	14.4	53912
0.6	2.84663	14.4	54012
0.6	2.84663	14.4	54113
0.6	2.89329	14.4	54213
0.6	2.98662	14.4	54313
0.6	2.79996	14.4	54413
0.6	2.89329	14.4	54513
0.6	2.89329	14.4	54614
0.6	2.89329	14.4	54714
0.6	2.84663	14.4	54814
0.6	2.84663	14.4	54914
0.6	2.89329	14.4	55014
0.6	2.84663	14.4	55115
0.6	2.89329	14.4	55215
0.6	2.93996	14.4	55315
0.6	2.84663	14.4	55415
0.6	2.93996	14.4	55515
0.6	2.89329	14.4	55616
0.6	2.89329	14.4	55716
0.6	2.93996	14.4	55816
0.6	2.89329	14.4	55916
0.6	2.89329	14.4	56016
0.6	2.93996	14.4	56117
0.6	2.93996	14.4	56217
0.6	2.93996	14.4	56317
0.6	2.98662	14.4	56417
0.6	2.93996	14.4	56518
0.6	2.98662	14.4	56618
0.6	2.93996	14.4	56718
0.6	2.98662	14.4	56818
0.6	2.98662	14.4	56919
0.6	2.93996	14.4	57019
0.6	3.03329	14.4	57119
0.6	2.93996	14.4	57220
0.6	3.03329	14.4	57320
0.6	2.93996	14.4	57420
0.6	2.93996	14.4	57521
0.6	2.98662	14.4	57622
0.6	2.98662	14.4	57722
0.6	3.03329	14.4	57822
0.6	2.93996	14.4	57923
0.6	2.98662	14.4	58023
0.6	2.89329	14.4	58123
0.6	2.98662	14.4	58223
0.6	2.93996	14.4	58323
0.6	2.93996	14.4	58424
0.6	2.93996	14.4	58524
0.6	2.93996	14.4	58624
0.6	2.93996	14.4	58724
0.6	3.03329	14.4	58825
0.6	2.89329	14.4	58925
0.6	2.93996	14.4	59025
0.6	2.93996	14.4	59125
0.6	2.93996	14.4	59225
0.6	2.98662	14.4	59326
0.6	2.93996	14.4	59426
0.6	2.98662	14.4	59526
0.6	2.93996	14.4	59627
0.6	2.98662	14.4	59727
0.6	2.98662	14.4	59827
0.6	2.93996	14.4	59928
0.6	2.93996	14.4	60028
0.6	3.03329	14.4	60128
0.6	2.93996	14.4	60228
0.6	2.98662	14.4	60328
0.6	2.98662	14.4	60429
0.6	2.98662	14.4	60529
0.6	2.98662	14.4	60629
0.6	2.93996	14.4	60730
0.6	2.98662	14.4	60830
0.6	2.98662	14.4	60930
0.6	2.93996	14.4	61031
0.6	2.98662	14.4	61131
0.6	2.93996	14.4	61231
0.6	2.98662	14.4	61331
0.6	2.93996	14.4	61431
0.6	3.03329	14.4	61533
0.6	2.98662	14.4	61633
0.6	2.98662	14.4	61733
0.6	2.93996	14.4	61834
0.6	2.93996	14.4	61934
0.6	2.98662	14.4	62034
0.6	2.93996	14.4	62134
0.6	2.98662	14.4	62235
0.6	2.98662	14.4	62335
0.6	3.03329	14.4	62436
0.6	2.98662	14.4	62536
0.6	3.03329	14.4	62636
0.6	2.98662	14.4	62736
0.6	3.03329	14.4	62836
0.6	2.93996	14.4	62937
0.6	2.98662	14.4	63037
0.6	3.03329	14.4	63137
0.6	2.93996	14.4	63237
0.6	2.98662	14.4	63337
0.6	2.93996	14.4	63438
0.6	3.03329	14.4	63538
0.6	2.93996	14.4	63638
0.6	2.98662	14.4	63738
0.6	2.93996	14.4	63838
0.6	2.93996	14.4	63939
0.6	2.93996	14.4	64039
0.6	2.93996	14.4	64139
0.6	2.93996	14.4	64239
0	2.93996	0	64339
on_left_right_arrow_release
0	2.70663	0	64440
0	2.51996	0	64540
0	2.28663	0	64641
0	2.28663	0	64741
0	2.3333	0	64841
0	2.1933	0	64941
0	2.0533	0	65042
0	1.72664	0	65142
0	1.86664	0	65244
0	1.77331	0	65344
0	1.67998	0	65444
0	1.53998	0	65544
0	1.53998	0	65644
0	1.44665	0	65745
0	1.39998	0	65845
0	1.25998	0	65945
0	1.21332	0	66045
0	1.07332	0	66145
0	0.46666	0	66245
0	0.373328	0	66346
0	0.046666	0	66446
0	0	0	66546
0	0.139998	0	66646
0	0.186664	0	66746
0	0.23333	0	66847
0	0.326662	0	66947
0	0.279996	0	67047
0	0.279996	0	67147
0	0.279996	0	67247
0	0.23333	0	67348
0	0.186664	0	67448
0	0.186664	0	67548
0	0.139998	0	67648
0	0.139998	0	67748
0	0.139998	0	67848
0	0.093332	0	67949
0	0.046666	0	68049
0	0.046666	0	68149
0	0	0	68249
0	0	0	68349
0	0	0	68449
0	0	0	68550

