0	0	0	100
0	0	0	200
0	0	0	301
0	0	0	402
0	0	0	502
0	0	0	603
0	0	0	703
0	0	0	804
0	0	0	905
0	0	0	1005
0	0	0	1106
on_left_right_arrow_release
0.5	0	12	1207
0.5	0.093332	12	1307
0.5	0.186664	12	1407
0.5	0.279996	12	1507
0.5	0.46666	12	1607
0.5	0.513326	12	1707
0.5	0.606658	12	1808
0.5	0.653324	12	1908
0.5	0.746656	12	2008
0.5	0.886654	12	2108
0.5	0.886654	12	2208
0.5	0.979986	12	2308
0.5	1.07332	12	2408
0.5	1.11998	12	2508
0.5	1.25998	12	2609
0.5	1.25998	12	2709
0.5	1.30665	12	2809
0.5	1.39998	12	2909
0.5	1.44665	12	3009
0.5	1.44665	12	3109
0.5	1.58664	12	3209
0.5	1.53998	12	3310
0.5	1.67998	12	3410
0.5	1.72664	12	3510
0.5	1.77331	12	3610
0.5	1.77331	12	3710
0.5	1.77331	12	3811
0.5	1.86664	12	3911
0.5	1.86664	12	4011
0.5	1.86664	12	4111
0.5	1.91331	12	4211
0.5	1.91331	12	4311
0.5	1.95997	12	4411
0.5	1.95997	12	4512
0.5	2.00664	12	4612
0.5	2.00664	12	4712
0.5	2.0533	12	4812
0.5	2.0533	12	4912
0.5	2.0533	12	5013
0.5	2.09997	12	5113
0.5	2.14664	12	5213
0.5	2.14664	12	5313
0.5	2.14664	12	5413
0.5	2.1933	12	5514
0.5	2.1933	12	5614
0.5	2.23997	12	5714
0.5	2.28663	12	5814
0.5	2.23997	12	5915
0.5	2.3333	12	6015
0.5	2.28663	12	6115
0.5	2.28663	12	6216
0.5	2.3333	12	6316
0.5	2.28663	12	6416
0.5	2.28663	12	6516
0.5	2.3333	12	6617
0.5	2.3333	12	6717
0.5	2.3333	12	6817
0.5	2.3333	12	6917
0.5	2.3333	12	7018
0.5	2.37997	12	7118
0.5	2.37997	12	7218
0.5	2.37997	12	7318
0.5	2.37997	12	7418
0.5	2.42663	12	7519
0.5	2.42663	12	7619
0.5	2.42663	12	7719
0.5	2.42663	12	7819
0.5	2.4733	12	7919
0.5	2.42663	12	8020
0.5	2.42663	12	8120
0.5	2.4733	12	8220
0.5	2.42663	12	8320
0.5	2.4733	12	8420
0.5	2.51996	12	8520
0.5	2.4733	12	8621
0.5	2.51996	12	8721
0.5	2.4733	12	8821
0.5	2.4733	12	8921
0.5	2.4733	12	9021
0.5	2.51996	12	9122
0.5	2.51996	12	9222
0.5	2.4733	12	9322
0.5	2.4733	12	9422
0.5	2.4733	12	9522
0.5	2.51996	12	9623
0.5	2.4733	12	9723
0.5	2.51996	12	9823
0.5	2.51996	12	9924
0.5	2.51996	12	10024
0.5	2.56663	12	10124
0.5	2.51996	12	10224
0.5	2.51996	12	10325
0.5	2.51996	12	10425
0.5	2.56663	12	10525
0.5	2.51996	12	10625
0.5	2.56663	12	10726
on_up_down_arrow_release
0.4	2.51996	9.6	10826
0.4	2.51996	9.6	10926
0.4	2.51996	9.6	11027
0.4	2.56663	9.6	11128
0.4	2.4733	9.6	11228
0.4	2.4733	9.6	11329
0.4	2.42663	9.6	11429
0.4	2.42663	9.6	11529
0.4	2.42663	9.6	11629
0.4	2.37997	9.6	11729
0.4	2.37997	9.6	11829
0.4	2.37997	9.6	11930
0.4	2.3333	9.6	12030
0.4	2.3333	9.6	12130
0.4	2.23997	9.6	12230
0.4	2.28663	9.6	12330
0.4	2.23997	9.6	12430
0.4	2.23997	9.6	12530
0.4	2.23997	9.6	12630
0.4	2.1933	9.6	12731
0.4	2.1933	9.6	12831
0.4	2.1933	9.6	12931
0.4	2.1933	9.6	13031
0.4	2.14664	9.6	13131
0.4	2.14664	9.6	13231
0.4	2.0533	9.6	13331
0.4	2.09997	9.6	13432
0.4	2.09997	9.6	13532
0.4	2.0533	9.6	13632
0.4	2.0533	9.6	13732
0.4	2.0533	9.6	13832
0.4	2.0533	9.6	13932
0.4	2.0533	9.6	14032
0.4	2.0533	9.6	14133
0.4	2.00664	9.6	14233
0.4	2.00664	9.6	14333
0.4	2.00664	9.6	14433
0.4	2.00664	9.6	14533
0.4	2.00664	9.6	14634
0.4	2.00664	9.6	14734
0.4	1.95997	9.6	14834
0.4	2.00664	9.6	14934
0.4	2.00664	9.6	15034
0.4	1.95997	9.6	15134
0.4	2.00664	9.6	15235
0.4	2.00664	9.6	15335
0.4	1.95997	9.6	15435
0.4	2.00664	9.6	15535
0.4	1.91331	9.6	15635
0.4	1.95997	9.6	15735
0.4	1.95997	9.6	15835
0.4	1.95997	9.6	15935
0.4	1.95997	9.6	16036
0.4	1.95997	9.6	16136
0.4	1.95997	9.6	16236
0.4	1.95997	9.6	16336
0.4	1.91331	9.6	16436
0.4	2.00664	9.6	16536
0.4	1.91331	9.6	16637
0.4	1.91331	9.6	16737
0.4	3.87328	9.6	16837
0.4	1.86664	9.6	16937
0.4	1.91331	9.6	17037
0.4	1.77331	9.6	17138
0.4	1.86664	9.6	17238
0.4	1.81997	9.6	17338
0.4	1.86664	9.6	17438
0.4	1.81997	9.6	17538
0.4	1.86664	9.6	17638
0.4	1.86664	9.6	17739
0.4	1.81997	9.6	17839
0.4	1.81997	9.6	17939
0.4	1.86664	9.6	18039
0.4	1.81997	9.6	18139
0.4	1.81997	9.6	18240
0.4	1.86664	9.6	18340
0.4	1.81997	9.6	18440
0.4	1.86664	9.6	18540
0.4	1.86664	9.6	18640
0.4	1.86664	9.6	18741
0.4	1.81997	9.6	18841
0.4	1.91331	9.6	18941
0.4	1.86664	9.6	19042
0.4	1.81997	9.6	19142
0.4	1.86664	9.6	19242
on_left_right_arrow_release
0	1.81997	0	19343
0	1.77331	0	19444
0	1.67998	0	19544
0	1.58664	0	19644
0	1.44665	0	19745
0	1.39998	0	19845
0	1.25998	0	19945
0	1.25998	0	20045
0	1.11998	0	20145
0	1.07332	0	20246
0	1.02665	0	20346
0	0.93332	0	20446
0	0.886654	0	20546
0	0.839988	0	20646
0	0.793322	0	20746
0	0.69999	0	20847
0	0.69999	0	20947
0	0.653324	0	21047
0	0.653324	0	21147
0	0.606658	0	21247
0	0.559992	0	21349
0	0.559992	0	21450
0	0.46666	0	21550
0	0.46666	0	21651
0	0.419994	0	21751
0	0.419994	0	21851
0	0.326662	0	21951
0	0.279996	0	22051
0	0.279996	0	22151
0	0.23333	0	22252
0	0.186664	0	22352
0	0.186664	0	22452
0	0.093332	0	22552
0	0.093332	0	22652
0	0.046666	0	22753
0	0	0	22853
0	0	0	22953
0	0.046666	0	23053
0	0	0	23153
0	0	0	23253
0	0	0	23354
0	0	0	23454
0	0	0	23554
0	0	0	23654

