0	0	0	100
0	0	0	200
0	0	0	300
0	0	0	400
0	0	0	500
0	0	0	600
0	0	0	700
0.5	0	12	801
on_left_right_arrow_release
0.5	0.093332	12	901
0.5	0.139998	12	1001
0.5	0.326662	12	1101
0.5	0.373328	12	1201
0.5	0.513326	12	1301
0.5	0.653324	12	1401
0.5	0.69999	12	1501
0.5	0.793322	12	1602
0.5	0.93332	12	1702
0.5	0.979986	12	1802
0.5	1.07332	12	1902
0.5	1.11998	12	2002
0.5	1.21332	12	2102
0.5	1.30665	12	2202
0.5	1.35331	12	2302
0.5	1.35331	12	2403
0.5	1.44665	12	2503
0.5	1.49331	12	2603
0.5	1.58664	12	2703
0.5	1.58664	12	2803
0.5	1.63331	12	2903
0.5	1.72664	12	3004
0.5	1.72664	12	3104
0.5	1.77331	12	3204
0.5	1.86664	12	3304
0.5	1.81997	12	3404
0.5	1.91331	12	3504
0.5	1.95997	12	3604
0.5	1.95997	12	3705
0.5	2.00664	12	3805
0.5	2.00664	12	3905
0.5	2.00664	12	4005
0.5	2.0533	12	4105
0.5	2.0533	12	4205
0.5	2.0533	12	4306
0.5	2.14664	12	4406
0.5	2.09997	12	4506
0.5	2.14664	12	4606
0.5	2.1933	12	4706
0.5	2.1933	12	4806
0.5	2.23997	12	4906
0.5	2.23997	12	5007
0.5	2.1933	12	5107
0.5	2.23997	12	5207
0.5	2.23997	12	5307
0.5	2.23997	12	5407
0.5	2.28663	12	5508
0.5	2.28663	12	5608
0.5	2.3333	12	5709
0.5	2.3333	12	5809
0.5	2.3333	12	5909
0.5	2.3333	12	6009
0.5	2.3333	12	6110
0.5	2.3333	12	6210
0.5	2.37997	12	6310
0.5	2.37997	12	6411
0.5	2.37997	12	6511
0.5	2.42663	12	6611
0.5	2.37997	12	6711
0.5	2.42663	12	6812
0.5	2.42663	12	6912
0.5	2.37997	12	7012
0.5	2.42663	12	7112
0.5	2.42663	12	7212
0.5	2.42663	12	7312
0.5	2.42663	12	7413
0.5	2.42663	12	7513
0.5	2.42663	12	7613
0.5	2.42663	12	7713
0.5	2.4733	12	7813
0.5	2.42663	12	7914
0.5	2.42663	12	8014
0.5	2.4733	12	8114
0.5	2.42663	12	8214
0.5	2.4733	12	8314
0.5	2.4733	12	8415
0.5	2.42663	12	8515
0.5	2.51996	12	8615
0.5	2.4733	12	8715
0.5	2.4733	12	8815
0.5	2.4733	12	8915
0.5	2.4733	12	9016
0.5	2.4733	12	9116
0.5	2.4733	12	9216
0.6	2.51996	14.4	9316
on_up_down_arrow_release
0.6	2.56663	14.4	9416
0.6	2.6133	14.4	9516
0.6	2.6133	14.4	9617
0.6	5.17993	14.4	9717
0.6	2.6133	14.4	9817
0.6	2.75329	14.4	9918
0.6	2.6133	14.4	10018
0.6	2.79996	14.4	10119
0.6	2.75329	14.4	10219
on_up_down_arrow_release
0.6	2.75329	14.4	10319
0.4	2.79996	9.6	10419
0.4	2.75329	9.6	10519
0.4	2.70663	9.6	10620
0.4	2.6133	9.6	10720
0.4	2.6133	9.6	10820
0.4	2.65996	9.6	10920
0.6	2.56663	14.4	11020
on_up_down_arrow_release
0.6	2.6133	14.4	11120
0.6	2.6133	14.4	11221
0.6	2.65996	14.4	11321
0.6	2.65996	14.4	11421
on_up_down_arrow_release
0.6	2.70663	14.4	11522
0.4	2.70663	9.6	11622
0.4	2.70663	9.6	11722
0.4	2.65996	9.6	11822
0.4	2.65996	9.6	11922
0.4	2.56663	9.6	12022
on_up_down_arrow_release
0.6	2.56663	14.4	12123
0.6	2.56663	14.4	12223
0.6	2.6133	14.4	12323
0.6	2.6133	14.4	12423
0.6	2.65996	14.4	12523
on_up_down_arrow_release
0.4	2.65996	9.6	12624
0.4	2.65996	9.6	12724
0.4	2.65996	9.6	12824
0.4	2.6133	9.6	12924
0.4	2.6133	9.6	13024
0.4	2.56663	9.6	13125
0.4	2.51996	9.6	13225
on_up_down_arrow_release
0.6	2.51996	14.4	13325
0.6	2.56663	14.4	13425
0.6	2.56663	14.4	13525
0.6	2.70663	14.4	13625
0.6	2.70663	14.4	13726
0.4	2.65996	9.6	13826
on_up_down_arrow_release
0.4	2.65996	9.6	13926
0.4	2.65996	9.6	14026
0.4	2.6133	9.6	14126
0.4	2.56663	9.6	14227
0.4	2.6133	9.6	14327
0.4	2.51996	9.6	14427
0.4	2.51996	9.6	14527
0.4	2.51996	9.6	14627
0.4	2.4733	9.6	14727
0.4	2.42663	9.6	14828
on_up_down_arrow_release
0.6	2.42663	14.4	14928
0.6	2.37997	14.4	15028
0.6	2.42663	14.4	15128
0.6	2.51996	14.4	15228
0.6	2.51996	14.4	15329
0.6	2.56663	14.4	15429
0.6	2.6133	14.4	15529
0.6	2.65996	14.4	15629
0.6	2.65996	14.4	15729
0.4	2.75329	9.6	15829
on_up_down_arrow_release
0.4	2.70663	9.6	15930
0.4	2.6133	9.6	16030
0.4	2.6133	9.6	16130
0.4	2.56663	9.6	16230
0.4	2.56663	9.6	16330
0.4	2.51996	9.6	16430
0.4	2.4733	9.6	16531
0.4	2.51996	9.6	16631
on_left_right_arrow_release
0	2.4733	0	16731
0	2.37997	0	16831
0	2.23997	0	16931
0	2.1933	0	17031
0	2.0533	0	17131
0	2.00664	0	17231
0	1.86664	0	17332
0	1.77331	0	17432
0	1.72664	0	17532
0	1.58664	0	17632
0	1.58664	0	17732
0	1.44665	0	17832
0	1.39998	0	17933
0	0.93332	0	18033
0	0.279996	0	18133
0	0.326662	0	18233
0	0.046666	0	18333
0	0.046666	0	18434
0	0	0	18534
0	0	0	18634
