23.7
0	0	0	100
0	0	0	200
0	0	0	300
0	0	0	400
0	0	0	500
0	0	0	601
0	0	0	701
0	0	0	801
on_left_right_arrow_release
0.5	0	12	901
0.5	0.093332	12	1001
0.5	0.186664	12	1101
0.5	0.279996	12	1202
0.5	0.419994	12	1302
0.5	0.513326	12	1402
0.5	0.559992	12	1502
0.5	0.69999	12	1602
0.5	0.746656	12	1702
0.5	0.839988	12	1803
0.5	0.93332	12	1903
0.5	0.979986	12	2003
0.5	1.02665	12	2103
0.5	1.11998	12	2203
0.5	1.16665	12	2304
0.5	1.25998	12	2404
0.5	1.25998	12	2504
0.5	1.35331	12	2604
0.5	1.39998	12	2704
0.5	1.44665	12	2804
0.5	1.44665	12	2904
0.5	1.53998	12	3005
0.5	1.58664	12	3105
0.5	1.58664	12	3205
0.5	1.63331	12	3305
0.5	1.67998	12	3405
0.5	1.72664	12	3505
0.5	1.77331	12	3605
0.5	1.86664	12	3706
0.5	1.81997	12	3806
0.5	1.86664	12	3906
0.5	1.91331	12	4006
0.5	1.91331	12	4106
0.5	1.95997	12	4206
0.5	1.95997	12	4307
0.5	2.00664	12	4407
0.5	2.00664	12	4507
0.5	2.09997	12	4607
0.5	2.0533	12	4707
0.5	2.0533	12	4807
0.5	2.0533	12	4907
0.5	2.14664	12	5008
0.5	2.0533	12	5108
0.5	2.1933	12	5208
0.5	2.09997	12	5308
0.5	2.14664	12	5408
0.5	2.14664	12	5508
0.5	2.09997	12	5608
0.5	2.1933	12	5709
0.5	2.14664	12	5809
0.5	2.1933	12	5909
0.5	2.14664	12	6009
0.5	2.1933	12	6109
0.5	2.1933	12	6209
0.5	2.1933	12	6309
0.5	2.1933	12	6410
0.5	2.1933	12	6510
0.5	2.1933	12	6610
0.5	2.23997	12	6710
0.5	2.1933	12	6810
0.5	2.23997	12	6910
0.5	2.1933	12	7010
0.5	2.28663	12	7111
0.5	2.37997	12	7211
0.5	2.28663	12	7311
0.5	2.3333	12	7411
0.5	2.28663	12	7511
0.5	2.28663	12	7611
0.5	2.3333	12	7711
0.5	2.28663	12	7811
0.5	2.3333	12	7912
0.5	2.28663	12	8012
0.5	2.37997	12	8112
0.5	2.28663	12	8212
0.5	2.3333	12	8312
0.5	2.3333	12	8412
0.5	2.3333	12	8512
0.5	2.3333	12	8613
0.5	2.3333	12	8713
0.5	2.28663	12	8813
0.5	2.3333	12	8913
0.5	2.3333	12	9013
0.5	2.3333	12	9113
0.5	2.3333	12	9213
0.5	2.3333	12	9313
0.5	2.28663	12	9414
0.5	2.37997	12	9515
0.5	2.23997	12	9615
0.5	2.3333	12	9715
0.5	2.37997	12	9815
0.5	2.3333	12	9915
0.5	2.3333	12	10016
0.5	2.37997	12	10117
0.5	2.3333	12	10217
0.5	2.3333	12	10317
0.5	2.3333	12	10418
0.5	2.3333	12	10518
0.5	2.3333	12	10618
0.5	2.3333	12	10718
0.5	2.3333	12	10818
0.5	2.3333	12	10918
0.5	2.37997	12	11019
0.5	2.37997	12	11119
0.5	2.37997	12	11219
0.5	2.37997	12	11319
0.5	2.28663	12	11420
0.5	2.3333	12	11520
0.5	2.28663	12	11620
0.5	2.3333	12	11720
0.5	2.3333	12	11820
0.5	2.3333	12	11921
0.5	2.3333	12	12021
0.5	2.3333	12	12121
0.5	2.28663	12	12221
0.5	2.3333	12	12321
0.5	2.28663	12	12422
0.5	2.3333	12	12522
0.5	2.3333	12	12622
0.5	2.3333	12	12722
0.5	2.28663	12	12823
0.5	2.28663	12	12923
0.5	2.28663	12	13023
0.5	2.3333	12	13123
0.5	2.3333	12	13225
0.5	2.3333	12	13325
0.5	4.57327	12	13425
0.5	2.3333	12	13526
0.5	2.3333	12	13626
0.5	2.3333	12	13726
0.5	2.3333	12	13826
0.5	2.37997	12	13926
0.5	2.3333	12	14027
0.5	2.3333	12	14127
0.5	2.3333	12	14227
0.5	2.37997	12	14327
0.5	2.3333	12	14427
0.5	2.3333	12	14528
0.5	2.3333	12	14628
0.5	2.3333	12	14728
0.5	2.3333	12	14828
0.5	2.3333	12	14928
0.5	2.37997	12	15029
0.5	2.37997	12	15129
0.5	2.37997	12	15229
0.5	2.37997	12	15329
0.5	2.37997	12	15430
0.5	2.42663	12	15530
0.5	2.37997	12	15630
0.5	2.42663	12	15732
0.5	2.37997	12	15832
0.5	2.37997	12	15932
0.5	2.37997	12	16032
0.5	2.37997	12	16133
0.5	2.37997	12	16233
0.5	2.37997	12	16333
0.5	2.37997	12	16433
0.5	2.37997	12	16533
0.5	2.37997	12	16634
0.5	2.3333	12	16734
0.5	2.3333	12	16834
0.5	2.3333	12	16934
0.5	2.3333	12	17034
0.5	2.37997	12	17135
0.5	2.3333	12	17235
0.5	2.37997	12	17335
0.5	2.3333	12	17435
0.5	2.37997	12	17535
0.5	2.37997	12	17636
0.5	2.3333	12	17736
0.5	2.3333	12	17836
0.5	2.37997	12	17936
0.5	2.3333	12	18036
0.5	2.3333	12	18136
0.5	2.3333	12	18237
0.5	2.37997	12	18337
0.5	2.28663	12	18437
0.5	2.3333	12	18537
0.5	2.3333	12	18637
0.5	2.37997	12	18737
0.5	2.3333	12	18838
0.5	2.37997	12	18938
0.5	2.37997	12	19038
0.5	2.3333	12	19138
0.5	2.3333	12	19238
0.5	2.37997	12	19339
0.5	2.37997	12	19439
0.5	2.37997	12	19539
0.5	2.37997	12	19639
0.5	2.42663	12	19739
on_up_down_arrow_release
0.5	2.28663	12	19839
0.6	2.3333	14.4	19940
0.6	2.37997	14.4	20040
0.6	2.37997	14.4	20141
0.6	2.42663	14.4	20241
0.6	2.4733	14.4	20341
0.6	2.4733	14.4	20441
0.6	2.4733	14.4	20542
0.6	2.51996	14.4	20642
0.6	2.51996	14.4	20742
0.6	2.51996	14.4	20842
0.6	2.6133	14.4	20942
0.6	2.56663	14.4	21043
0.6	2.65996	14.4	21143
0.6	2.70663	14.4	21243
0.6	2.70663	14.4	21343
0.6	2.65996	14.4	21443
0.6	2.75329	14.4	21544
0.6	2.70663	14.4	21644
0.6	2.75329	14.4	21744
0.6	2.70663	14.4	21845
0.6	2.75329	14.4	21945
0.6	2.75329	14.4	22045
0.6	2.79996	14.4	22147
0.6	2.84663	14.4	22248
0.6	2.75329	14.4	22349
0.6	2.79996	14.4	22449
0.6	2.75329	14.4	22550
0.6	2.79996	14.4	22651
0.6	2.75329	14.4	22751
0.6	2.75329	14.4	22851
0.6	2.79996	14.4	22951
0.6	2.79996	14.4	23051
0.6	2.84663	14.4	23152
0.6	2.89329	14.4	23252
0.6	2.84663	14.4	23352
0.6	2.89329	14.4	23452
0.6	2.89329	14.4	23552
0.6	2.89329	14.4	23653
0.6	2.89329	14.4	23753
0.6	2.93996	14.4	23853
0.6	2.89329	14.4	23953
0.6	2.89329	14.4	24053
0.6	2.89329	14.4	24153
0.6	2.93996	14.4	24254
0.6	2.89329	14.4	24354
0.6	2.89329	14.4	24454
0.6	2.89329	14.4	24554
0.6	2.84663	14.4	24655
0.6	2.89329	14.4	24755
0.6	2.89329	14.4	24855
0.6	2.89329	14.4	24956
0.6	2.93996	14.4	25056
0.6	2.89329	14.4	25156
0.6	2.89329	14.4	25256
0.6	2.93996	14.4	25356
0.6	2.93996	14.4	25457
0.6	2.89329	14.4	25557
0.6	2.93996	14.4	25657
0.6	2.93996	14.4	25757
0.6	2.93996	14.4	25857
0.6	2.93996	14.4	25958
0.6	2.93996	14.4	26058
0.6	2.93996	14.4	26158
0.6	2.89329	14.4	26258
0.6	2.89329	14.4	26358
0.6	2.93996	14.4	26459
0.6	2.98662	14.4	26559
0.6	2.89329	14.4	26659
0.6	2.98662	14.4	26759
0.6	2.93996	14.4	26859
0.6	2.98662	14.4	26960
0.6	2.98662	14.4	27060
0.6	2.98662	14.4	27160
0.6	2.98662	14.4	27260
0.6	2.93996	14.4	27360
0.6	2.98662	14.4	27461
0.6	2.98662	14.4	27561
0.6	2.93996	14.4	27661
0.6	2.98662	14.4	27761
0.6	2.98662	14.4	27861
0.6	2.98662	14.4	27962
0.6	2.93996	14.4	28062
0.6	2.98662	14.4	28162
0.6	2.93996	14.4	28262
0.6	2.98662	14.4	28362
0.6	2.98662	14.4	28462
0.6	2.89329	14.4	28563
0.6	2.93996	14.4	28663
0.6	2.93996	14.4	28763
0.6	2.93996	14.4	28863
0.6	2.93996	14.4	28963
0.6	2.93996	14.4	29064
0.6	2.93996	14.4	29164
0.6	2.93996	14.4	29264
0.6	2.93996	14.4	29364
0.6	2.98662	14.4	29464
0.6	3.07996	14.4	29564
0.6	2.98662	14.4	29664
0.6	3.03329	14.4	29764
0.6	2.98662	14.4	29865
0.6	2.98662	14.4	29965
0.6	2.98662	14.4	30065
0.6	2.98662	14.4	30165
0.6	2.98662	14.4	30265
0.6	3.03329	14.4	30365
0.6	2.98662	14.4	30465
0.6	2.98662	14.4	30566
0.6	2.93996	14.4	30666
0.6	2.98662	14.4	30766
0.6	3.03329	14.4	30866
0.6	2.93996	14.4	30966
0.6	2.93996	14.4	31066
0.6	3.07996	14.4	31166
0.6	2.93996	14.4	31266
0.4	2.93996	9.6	31367
on_up_down_arrow_release
0.4	2.93996	9.6	31467
0.4	2.84663	9.6	31567
0.4	2.79996	9.6	31667
0.4	2.75329	9.6	31767
0.4	2.75329	9.6	31867
0.4	2.65996	9.6	31967
0.4	2.6133	9.6	32068
0.4	2.65996	9.6	32168
0.4	2.6133	9.6	32268
0.4	2.51996	9.6	32368
0.4	2.56663	9.6	32468
0.4	2.4733	9.6	32568
0.4	2.42663	9.6	32668
0.4	2.37997	9.6	32768
0.4	2.37997	9.6	32869
0.4	2.37997	9.6	32969
0.4	2.3333	9.6	33069
0.4	2.3333	9.6	33169
0.4	2.28663	9.6	33269
0.4	2.23997	9.6	33369
0.4	2.1933	9.6	33469
0.4	2.23997	9.6	33570
0.4	2.1933	9.6	33670
0.4	2.1933	9.6	33770
0.4	2.09997	9.6	33870
0.4	2.14664	9.6	33970
0.4	2.09997	9.6	34071
0.4	2.09997	9.6	34171
0.4	2.09997	9.6	34271
0.4	4.05994	9.6	34371
0.4	2.0533	9.6	34472
0.4	1.95997	9.6	34572
0.4	2.00664	9.6	34672
0.4	1.91331	9.6	34773
0.4	1.95997	9.6	34874
0.4	1.95997	9.6	34975
0.4	1.91331	9.6	35075
0.4	1.91331	9.6	35175
0.4	1.91331	9.6	35275
0.4	1.91331	9.6	35375
0.4	1.91331	9.6	35476
0.4	1.91331	9.6	35576
0.4	1.91331	9.6	35676
0.4	1.86664	9.6	35776
0.4	1.91331	9.6	35876
0.4	1.86664	9.6	35976
0.4	1.86664	9.6	36077
0.4	1.86664	9.6	36177
0.4	1.86664	9.6	36277
0.4	1.81997	9.6	36377
0.4	1.86664	9.6	36477
0.4	1.81997	9.6	36578
0.4	1.81997	9.6	36678
0.4	1.81997	9.6	36778
0.4	1.81997	9.6	36878
0.4	1.81997	9.6	36978
0.4	1.77331	9.6	37079
0.4	1.81997	9.6	37179
0.4	1.77331	9.6	37279
0.4	1.81997	9.6	37379
0.4	1.81997	9.6	37479
0.4	1.77331	9.6	37579
0.4	1.81997	9.6	37680
0.4	1.77331	9.6	37780
0.4	1.81997	9.6	37880
0.4	1.77331	9.6	37980
0.4	1.77331	9.6	38080
0.4	1.72664	9.6	38181
0.4	1.72664	9.6	38281
0.4	1.77331	9.6	38381
0.4	1.72664	9.6	38481
0.4	1.72664	9.6	38581
0.4	1.77331	9.6	38681
0.4	1.77331	9.6	38782
0.4	1.77331	9.6	38882
0.4	1.72664	9.6	38982
0.4	1.77331	9.6	39082
0.4	1.72664	9.6	39182
0.4	1.72664	9.6	39283
0.4	1.72664	9.6	39383
0.4	1.77331	9.6	39483
0.4	1.67998	9.6	39583
0.4	1.72664	9.6	39683
0.4	1.67998	9.6	39783
0.4	1.67998	9.6	39884
0.4	1.72664	9.6	39984
0.4	1.67998	9.6	40084
0.4	1.67998	9.6	40184
0.4	1.67998	9.6	40284
0.4	1.63331	9.6	40385
0.4	1.67998	9.6	40485
0.5	1.63331	12	40585
on_left_right_arrow_release
0.5	1.67998	12	40685
0.5	1.72664	12	40785
0.5	1.72664	12	40885
0.5	1.81997	12	40986
0.5	1.81997	12	41086
0.5	1.86664	12	41186
0.5	1.86664	12	41286
0.5	1.95997	12	41386
0.5	1.91331	12	41487
0.5	1.95997	12	41587
0.6	1.95997	14.4	41687
on_up_down_arrow_release
0.6	2.00664	14.4	41787
0.6	2.00664	14.4	41887
0.6	2.09997	14.4	41987
0.6	2.0533	14.4	42088
0.6	2.09997	14.4	42188
0.6	2.14664	14.4	42288
0.6	2.1933	14.4	42388
0.6	2.23997	14.4	42488
0.6	2.28663	14.4	42588
0.6	2.28663	14.4	42688
0.6	2.3333	14.4	42789
0.6	2.42663	14.4	42889
0.6	2.37997	14.4	42989
0.6	2.4733	14.4	43089
0.6	2.4733	14.4	43189
0.6	2.4733	14.4	43289
on_left_right_arrow_release
0.5	2.4733	12	43389
0.5	2.4733	12	43489
0.5	2.4733	12	43590
0.5	2.4733	12	43690
0.5	2.4733	12	43790
0.5	2.4733	12	43890
0.5	2.42663	12	43990
0.5	2.42663	12	44090
0.5	2.42663	12	44190
0.5	2.37997	12	44291
on_up_down_arrow_release
0.4	2.42663	9.6	44391
0.4	2.37997	9.6	44491
0.4	2.37997	9.6	44591
0.4	2.3333	9.6	44691
0.4	2.3333	9.6	44791
0.4	2.3333	9.6	44891
0.4	2.28663	9.6	44992
0.4	2.28663	9.6	45092
0.4	2.23997	9.6	45192
0.4	2.23997	9.6	45292
0.4	2.1933	9.6	45392
0.4	2.1933	9.6	45492
on_left_right_arrow_release
0.5	2.14664	12	45592
0.5	2.1933	12	45693
0.5	2.14664	12	45793
0.5	2.23997	12	45893
0.5	2.14664	12	45993
0.5	2.1933	12	46093
0.5	2.23997	12	46193
0.5	2.23997	12	46293
0.5	2.1933	12	46393
0.5	2.23997	12	46494
0.5	2.23997	12	46594
0.5	2.1933	12	46694
0.6	2.1933	14.4	46794
on_up_down_arrow_release
0.6	2.1933	14.4	46894
0.6	2.28663	14.4	46995
0.6	2.28663	14.4	47096
0.6	2.37997	14.4	47197
0.6	2.3333	14.4	47297
0.6	2.37997	14.4	47397
0.6	2.42663	14.4	47497
0.6	2.42663	14.4	47597
0.6	2.4733	14.4	47698
0.6	2.4733	14.4	47798
on_left_right_arrow_release
0.5	2.51996	12	47898
0.5	2.4733	12	47998
0.5	2.51996	12	48098
0.5	2.42663	12	48198
0.5	2.4733	12	48298
0.5	2.4733	12	48399
0.5	2.42663	12	48499
0.5	2.42663	12	48599
0.5	2.4733	12	48699
0.5	2.4733	12	48799
0.4	2.42663	9.6	48899
on_up_down_arrow_release
0.4	2.42663	9.6	48999
0.4	2.37997	9.6	49100
0.4	2.37997	9.6	49200
0.4	2.3333	9.6	49300
0.4	2.28663	9.6	49400
0.4	2.3333	9.6	49500
0.4	2.28663	9.6	49600
0.4	2.23997	9.6	49700
0.4	2.23997	9.6	49800
0.4	2.1933	9.6	49901
0.4	2.1933	9.6	50001
0.4	2.1933	9.6	50101
0.4	2.14664	9.6	50201
0.4	2.14664	9.6	50301
0.4	2.09997	9.6	50401
0.4	2.14664	9.6	50501
0.6	2.09997	14.4	50602
on_up_down_arrow_release
0.6	2.09997	14.4	50702
0.6	2.14664	14.4	50802
0.6	2.1933	14.4	50902
0.6	2.28663	14.4	51002
0.6	2.23997	14.4	51102
0.6	2.28663	14.4	51202
0.6	2.28663	14.4	51303
0.6	2.3333	14.4	51403
0.6	2.37997	14.4	51503
0.6	2.37997	14.4	51603
0.6	2.42663	14.4	51703
0.6	2.4733	14.4	51803
0.6	2.4733	14.4	51903
0.6	2.4733	14.4	52003
0.6	2.4733	14.4	52104
0.6	2.51996	14.4	52204
0.6	2.56663	14.4	52304
0.6	2.56663	14.4	52404
0.6	2.6133	14.4	52504
0.6	2.6133	14.4	52605
0.6	2.6133	14.4	52705
0.6	2.65996	14.4	52805
0.6	2.65996	14.4	52905
0.6	2.6133	14.4	53005
0.6	2.70663	14.4	53106
0.6	2.70663	14.4	53206
0.6	2.75329	14.4	53306
0.6	2.70663	14.4	53406
0.6	2.75329	14.4	53506
0.6	2.70663	14.4	53607
0.6	2.70663	14.4	53707
0.6	2.75329	14.4	53807
0.6	2.84663	14.4	53907
0.6	2.75329	14.4	54008
0.6	2.75329	14.4	54108
0.6	2.79996	14.4	54208
0.6	2.79996	14.4	54308
0.6	2.84663	14.4	54408
0.6	2.79996	14.4	54509
0.6	2.79996	14.4	54609
0.6	5.64659	14.4	54709
on_up_down_arrow_release
0.4	2.79996	9.6	54809
0.4	2.70663	9.6	54910
0.4	2.70663	9.6	55010
0.4	2.6133	9.6	55110
0.4	2.6133	9.6	55210
0.4	2.6133	9.6	55310
0.4	2.51996	9.6	55411
0.4	2.51996	9.6	55511
0.4	2.51996	9.6	55611
0.4	2.4733	9.6	55711
0.4	2.42663	9.6	55811
0.4	2.42663	9.6	55912
0.4	2.37997	9.6	56012
0.4	2.3333	9.6	56112
0.4	2.3333	9.6	56212
0.4	2.3333	9.6	56313
0.4	2.3333	9.6	56413
0.4	2.3333	9.6	56513
0.4	2.23997	9.6	56613
0.4	2.23997	9.6	56714
0.4	2.1933	9.6	56814
0.4	2.14664	9.6	56914
0.4	2.14664	9.6	57014
0.4	2.09997	9.6	57115
0.4	2.09997	9.6	57215
0.4	2.09997	9.6	57315
0.4	2.0533	9.6	57416
0.4	2.00664	9.6	57516
0.4	2.00664	9.6	57616
0.4	2.00664	9.6	57716
0.4	1.95997	9.6	57816
0.4	1.95997	9.6	57916
0.4	2.00664	9.6	58016
0.4	1.95997	9.6	58117
0.4	1.95997	9.6	58217
0.4	1.91331	9.6	58317
0.4	1.91331	9.6	58417
0.4	1.91331	9.6	58517
0.4	1.86664	9.6	58617
0.4	1.86664	9.6	58717
on_up_down_arrow_release
0.6	1.86664	14.4	58817
0.6	1.86664	14.4	58918
0.6	1.95997	14.4	59018
0.6	1.95997	14.4	59118
0.6	1.95997	14.4	59218
0.6	2.09997	14.4	59318
0.6	2.0533	14.4	59418
0.6	2.09997	14.4	59518
0.6	2.14664	14.4	59619
0.6	2.1933	14.4	59719
0.6	2.23997	14.4	59819
0.6	2.28663	14.4	59919
0.6	2.3333	14.4	60019
0.6	2.3333	14.4	60119
0.6	2.42663	14.4	60219
0.6	2.4733	14.4	60319
0.6	2.42663	14.4	60420
0.6	2.4733	14.4	60520
0.6	2.51996	14.4	60620
0.6	2.51996	14.4	60720
0.6	2.6133	14.4	60820
0.6	2.51996	14.4	60920
0.6	2.56663	14.4	61020
0.6	2.56663	14.4	61121
0.6	2.6133	14.4	61221
0.6	2.6133	14.4	61321
0.6	2.6133	14.4	61421
0.6	2.65996	14.4	61521
0.6	2.65996	14.4	61621
0.6	2.65996	14.4	61721
0.6	2.65996	14.4	61821
0.6	2.65996	14.4	61922
0.6	2.70663	14.4	62022
0.6	2.65996	14.4	62122
0.6	2.75329	14.4	62222
0.6	2.70663	14.4	62322
0.6	2.79996	14.4	62422
0.6	2.75329	14.4	62522
0.6	2.75329	14.4	62623
0.6	2.75329	14.4	62723
0.6	2.84663	14.4	62823
0.6	2.79996	14.4	62923
0.6	2.75329	14.4	63023
0.6	2.79996	14.4	63123
0.6	2.79996	14.4	63224
0.6	2.75329	14.4	63324
0.6	2.79996	14.4	63424
0.6	2.79996	14.4	63524
0.6	2.84663	14.4	63624
0.6	2.79996	14.4	63725
0.6	2.84663	14.4	63825
0.6	2.89329	14.4	63925
0.6	2.98662	14.4	64025
0.6	2.84663	14.4	64125
0.6	2.84663	14.4	64225
0.6	2.84663	14.4	64325
0.6	2.79996	14.4	64425
0.6	2.84663	14.4	64526
0.6	2.79996	14.4	64626
0.6	2.84663	14.4	64726
0.6	2.89329	14.4	64826
0.6	2.84663	14.4	64926
0.6	2.89329	14.4	65026
0.6	2.84663	14.4	65126
0.6	2.89329	14.4	65227
0.4	2.93996	9.6	65327
on_up_down_arrow_release
0.4	2.79996	9.6	65427
0.4	2.75329	9.6	65527
0.4	2.75329	9.6	65627
0.4	2.70663	9.6	65727
0.4	2.70663	9.6	65827
0.4	2.6133	9.6	65928
0.4	2.6133	9.6	66028
0.4	2.56663	9.6	66128
0.4	2.51996	9.6	66228
0.4	2.51996	9.6	66328
0.4	2.42663	9.6	66428
0.4	2.4733	9.6	66528
0.4	2.42663	9.6	66628
0.4	2.42663	9.6	66729
0.4	2.37997	9.6	66829
0.4	2.37997	9.6	66929
0.4	2.37997	9.6	67030
0.4	2.3333	9.6	67130
0.4	2.28663	9.6	67231
0.4	2.23997	9.6	67331
0.4	2.28663	9.6	67432
0.4	2.1933	9.6	67532
0.4	2.23997	9.6	67632
0.4	2.1933	9.6	67732
0.4	2.1933	9.6	67832
0.4	2.14664	9.6	67932
0.4	2.09997	9.6	68032
0.4	2.14664	9.6	68133
0.4	2.14664	9.6	68233
0.4	2.09997	9.6	68333
0.4	2.09997	9.6	68434
0.4	2.0533	9.6	68534
0.4	2.0533	9.6	68634
0.4	1.95997	9.6	68735
0.4	2.00664	9.6	68835
0.4	1.95997	9.6	68935
0.4	1.95997	9.6	69035
0.4	1.95997	9.6	69135
0.4	1.95997	9.6	69236
0.6	1.91331	14.4	69336
on_up_down_arrow_release
0.6	1.95997	14.4	69436
0.6	2.0533	14.4	69536
0.6	2.0533	14.4	69637
0.6	2.0533	14.4	69737
0.6	2.09997	14.4	69837
0.6	2.1933	14.4	69937
0.6	2.23997	14.4	70037
0.6	2.1933	14.4	70137
0.6	2.28663	14.4	70237
on_up_down_arrow_release
0.4	2.23997	9.6	70338
0.4	2.28663	9.6	70438
0.4	2.23997	9.6	70538
0.4	2.23997	9.6	70638
on_up_down_arrow_release
0.6	2.1933	14.4	70738
0.6	2.14664	14.4	70838
0.6	2.28663	14.4	70938
0.6	2.28663	14.4	71039
0.6	2.3333	14.4	71139
0.6	2.37997	14.4	71239
0.6	2.37997	14.4	71339
0.4	2.37997	9.6	71439
on_up_down_arrow_release
0.4	2.37997	9.6	71539
0.4	2.3333	9.6	71639
0.4	2.3333	9.6	71739
0.4	2.3333	9.6	71840
0.6	2.28663	14.4	71940
on_up_down_arrow_release
0.6	2.3333	14.4	72040
0.6	2.28663	14.4	72140
0.6	2.37997	14.4	72240
0.6	2.37997	14.4	72340
0.6	2.4733	14.4	72440
0.6	2.42663	14.4	72541
0.4	2.42663	9.6	72641
on_up_down_arrow_release
0.4	2.4733	9.6	72741
0.4	2.37997	9.6	72841
0.4	2.37997	9.6	72941
0.4	2.37997	9.6	73041
0.6	2.3333	14.4	73141
on_up_down_arrow_release
0.6	2.37997	14.4	73242
0.6	2.3333	14.4	73342
0.6	2.37997	14.4	73442
0.6	2.42663	14.4	73542
0.6	2.4733	14.4	73642
0.4	2.42663	9.6	73742
0.4	2.42663	9.6	73842
on_up_down_arrow_release
0.4	2.37997	9.6	73943
0.4	2.37997	9.6	74043
0.4	2.3333	9.6	74143
0.4	2.3333	9.6	74243
0.6	2.3333	14.4	74343
on_up_down_arrow_release
0.6	2.28663	14.4	74443
0.6	2.37997	14.4	74544
0.6	2.3333	14.4	74644
0.6	2.42663	14.4	74744
0.4	2.51996	9.6	74845
on_up_down_arrow_release
0.4	2.42663	9.6	74945
0.4	2.37997	9.6	75045
0.4	2.3333	9.6	75145
0.4	2.3333	9.6	75246
0.5	2.28663	12	75346
on_left_right_arrow_release
0.5	2.3333	12	75446
0.5	2.28663	12	75546
0.5	2.3333	12	75647
0.5	2.3333	12	75747
0.5	2.3333	12	75847
0.5	2.3333	12	75947
0.5	2.3333	12	76048
0.5	2.3333	12	76148
0.5	2.28663	12	76248
0.5	2.3333	12	76348
0.5	2.3333	12	76448
0.5	2.3333	12	76549
0.5	2.28663	12	76649
0.5	2.3333	12	76749
0.5	2.3333	12	76849
0.5	2.28663	12	76949
0.5	2.28663	12	77050
0.5	2.28663	12	77150
0.5	4.61993	12	77250
0.5	2.28663	12	77350
0.5	2.23997	12	77450
0.5	2.23997	12	77550
0.5	2.23997	12	77651
0.5	2.23997	12	77751
0.5	2.23997	12	77851
0.5	2.23997	12	77951
0.5	2.1933	12	78052
0.5	2.23997	12	78152
0.5	2.28663	12	78252
0.5	2.23997	12	78352
0.5	2.23997	12	78452
0.5	2.28663	12	78552
0.5	2.23997	12	78652
0.5	2.3333	12	78753
0.5	2.23997	12	78853
0.5	2.23997	12	78953
0.5	2.28663	12	79053
0.5	2.23997	12	79153
0.5	2.3333	12	79253
0.5	2.23997	12	79353
0.5	2.28663	12	79454
0.5	2.28663	12	79554
0.5	2.23997	12	79654
0.5	2.23997	12	79754
0.5	2.23997	12	79854
0.5	2.23997	12	79954
0.5	2.23997	12	80054
0.5	2.23997	12	80155
0.5	2.23997	12	80255
0.5	2.23997	12	80355
0.5	2.23997	12	80455
0.5	2.23997	12	80555
0.5	2.23997	12	80655
0.5	2.23997	12	80755
0.5	2.23997	12	80855
0.5	2.23997	12	80956
0.5	2.23997	12	81056
0.5	2.23997	12	81156
0.5	2.23997	12	81256
0.5	2.23997	12	81356
0.5	2.23997	12	81457
0.5	2.1933	12	81557
0.5	2.23997	12	81657
0.5	2.23997	12	81757
0.5	2.28663	12	81857
0.5	2.23997	12	81958
0.5	2.23997	12	82058
0.5	2.23997	12	82158
0.5	2.28663	12	82258
0.5	2.3333	12	82358
0.5	2.3333	12	82458
0.5	2.28663	12	82559
0.5	2.28663	12	82659
0.5	2.3333	12	82759
0.5	2.28663	12	82859
0.5	2.28663	12	82960
0.5	2.3333	12	83060
0.5	2.28663	12	83160
0.5	2.28663	12	83260
0.5	2.28663	12	83361
0.5	2.28663	12	83461
0.5	2.28663	12	83561
0.5	2.28663	12	83661
0.5	2.3333	12	83761
0.5	2.28663	12	83862
0.5	2.28663	12	83962
0.5	2.3333	12	84062
0.5	2.28663	12	84162
0.5	2.3333	12	84262
0.5	2.28663	12	84362
0.5	2.23997	12	84463
0.5	2.28663	12	84563
on_left_right_arrow_release
0.5	2.28663	12	84663
0.5	2.3333	12	84763
0	2.28663	0	84864
0	2.1933	0	84964
0	2.0533	0	85064
0	1.91331	0	85164
0	1.86664	0	85264
0	1.72664	0	85364
0	1.63331	0	85465
0	1.63331	0	85565
0	1.49331	0	85665
0	1.44665	0	85765
0	1.39998	0	85865
0	1.25998	0	85965
0	1.11998	0	86066
0	1.11998	0	86166
0	1.02665	0	86266
0	1.02665	0	86366
0	0.979986	0	86466
0	0.886654	0	86567
0	0.839988	0	86667
0	0.793322	0	86767
0	0.69999	0	86867
0	0.69999	0	86967
0	0.606658	0	87068
0	0.606658	0	87168
0	0.513326	0	87268
0	0.513326	0	87368
0	0.419994	0	87468
0	0.419994	0	87568
0	0.373328	0	87669
0	0.326662	0	87769
0	0.279996	0	87869
0	0.23333	0	87969
0	0.186664	0	88070
0	0.186664	0	88170
0	0.093332	0	88270
0	0.139998	0	88370
0	0.046666	0	88470
0	0	0	88570
