0	0	0	100
0	0	0	200
0	0	0	300
0	0	0	400
0	0	0	500
0	0	0	600
0	0	0	700
0	0	0	801
0	0	0	901
0	0	0	1001
0	0	0	1101
0	0	0	1201
0	0	0	1302
0	0	0	1402
0	0	0	1502
0	0	0	1602
0	0	0	1702
0.5	0	12	1802
on_left_right_arrow_release
0.5	0.046666	12	1903
0.5	0.186664	12	2003
0.5	0.326662	12	2103
0.5	0.373328	12	2203
0.5	0.559992	12	2303
0.5	0.653324	12	2404
0.5	0.69999	12	2505
0.5	0.793322	12	2605
0.5	0.886654	12	2705
0.5	0.979986	12	2805
0.5	0.979986	12	2905
0.5	1.11998	12	3006
0.5	1.11998	12	3106
0.5	1.21332	12	3207
0.5	1.25998	12	3307
0.5	1.39998	12	3407
0.5	1.39998	12	3508
0.5	1.44665	12	3608
0.5	1.53998	12	3708
0.5	1.49331	12	3808
0.5	1.63331	12	3908
0.5	1.63331	12	4009
0.5	1.67998	12	4109
0.5	1.77331	12	4209
0.5	1.81997	12	4309
0.5	1.81997	12	4409
0.5	1.86664	12	4509
0.5	1.86664	12	4609
0.5	1.95997	12	4710
0.5	1.91331	12	4810
0.5	1.95997	12	4910
0.5	1.95997	12	5010
0.5	2.00664	12	5110
0.5	2.00664	12	5210
0.5	2.09997	12	5311
0.5	2.0533	12	5411
0.5	2.09997	12	5511
0.5	2.09997	12	5611
0.5	2.09997	12	5711
0.5	2.14664	12	5811
0.5	2.14664	12	5912
0.5	2.1933	12	6012
0.5	2.1933	12	6112
0.5	2.1933	12	6212
0.5	2.28663	12	6312
0.5	2.23997	12	6412
0.5	2.3333	12	6513
0.5	2.28663	12	6613
0.5	2.37997	12	6713
0.5	2.3333	12	6813
0.5	2.3333	12	6913
0.5	2.37997	12	7014
0.5	2.3333	12	7114
0.5	2.37997	12	7214
0.5	2.3333	12	7314
0.5	2.3333	12	7414
0.5	2.42663	12	7514
0.5	2.37997	12	7615
0.5	2.37997	12	7715
0.5	2.42663	12	7815
0.5	2.37997	12	7915
0.5	2.42663	12	8015
0.5	2.42663	12	8116
0.5	2.42663	12	8216
0.5	2.42663	12	8316
0.5	2.56663	12	8416
0.5	2.42663	12	8516
0.5	2.4733	12	8616
0.5	2.4733	12	8717
0.5	2.4733	12	8817
0.5	2.4733	12	8917
0.5	2.4733	12	9017
0.5	4.9466	12	9117
0.5	2.51996	12	9218
0.5	2.51996	12	9318
0.5	2.51996	12	9418
0.5	2.51996	12	9519
0.5	2.4733	12	9619
0.5	2.56663	12	9719
0.5	2.51996	12	9819
0.5	2.51996	12	9920
0.5	2.51996	12	10020
0.5	2.4733	12	10120
0.5	2.51996	12	10220
0.5	2.4733	12	10320
0.5	2.4733	12	10421
0.5	2.51996	12	10521
0.5	2.51996	12	10621
0.5	2.51996	12	10721
0.5	2.51996	12	10821
0.5	2.51996	12	10921
0.5	2.51996	12	11022
0.5	2.56663	12	11122
0.5	2.56663	12	11222
0.5	2.51996	12	11322
0.5	2.51996	12	11422
0.5	2.4733	12	11523
on_up_down_arrow_release
0.6	2.56663	14.4	11623
0.6	2.56663	14.4	11723
0.6	2.56663	14.4	11823
0.6	2.6133	14.4	11923
0.6	2.65996	14.4	12023
0.6	2.70663	14.4	12125
0.6	2.79996	14.4	12226
0.6	2.75329	14.4	12326
0.6	2.84663	14.4	12426
0.6	2.75329	14.4	12526
0.6	2.79996	14.4	12627
0.6	2.84663	14.4	12727
0.6	2.84663	14.4	12827
0.6	2.89329	14.4	12927
0.6	2.84663	14.4	13027
0.6	2.84663	14.4	13127
0.6	2.98662	14.4	13228
0.6	2.93996	14.4	13328
0.6	2.98662	14.4	13428
0.6	2.89329	14.4	13528
0.6	2.93996	14.4	13628
0.6	2.89329	14.4	13729
0.6	2.98662	14.4	13829
0.6	2.89329	14.4	13929
0.6	2.98662	14.4	14029
0.6	2.98662	14.4	14129
0.6	3.07996	14.4	14230
0.6	2.98662	14.4	14330
0.6	2.98662	14.4	14430
0.6	2.98662	14.4	14530
0.6	2.98662	14.4	14630
0.6	3.03329	14.4	14730
0.6	3.03329	14.4	14830
0.6	3.03329	14.4	14931
0.6	3.07996	14.4	15031
0.6	3.07996	14.4	15131
0.6	3.12662	14.4	15231
0.6	3.03329	14.4	15331
0.6	3.12662	14.4	15431
0.6	3.12662	14.4	15531
0.6	3.07996	14.4	15632
0.6	3.07996	14.4	15732
0.6	3.07996	14.4	15832
0.6	3.07996	14.4	15932
0.6	3.12662	14.4	16032
0.6	3.07996	14.4	16132
0.6	3.07996	14.4	16232
0.6	3.07996	14.4	16333
0.6	3.03329	14.4	16433
0.6	3.07996	14.4	16533
0.6	3.07996	14.4	16633
0.6	3.07996	14.4	16733
0.6	3.07996	14.4	16833
0.6	3.07996	14.4	16933
0.6	3.07996	14.4	17033
on_left_right_arrow_release
0	3.07996	0	17134
0	2.93996	0	17234
0	2.84663	0	17334
0	2.70663	0	17434
0	2.56663	0	17534
0	2.42663	0	17634
0	2.37997	0	17734
0	2.1933	0	17835
0	2.14664	0	17935
0	2.0533	0	18035
0	1.91331	0	18135
0	1.81997	0	18235
0	1.77331	0	18335
0	1.63331	0	18436
0	1.53998	0	18536
0	1.53998	0	18636
0	1.39998	0	18736
0	1.39998	0	18837
0	1.25998	0	18937
0	1.21332	0	19037
0	1.16665	0	19137
0	1.07332	0	19237
0	1.02665	0	19337
0	0.93332	0	19438
0	0.886654	0	19538
0	0.793322	0	19638
0	0.793322	0	19738
0	0.746656	0	19838
0	0.653324	0	19938
0	0.606658	0	20039
0	0.513326	0	20139
0	0.513326	0	20239
0	0.373328	0	20339
0	0.186664	0	20439
0	0.046666	0	20540
0	0.139998	0	20640
0	0.093332	0	20740
0	0.093332	0	20840
0	0.046666	0	20941
0	0	0	21041
0	0	0	21142
0	0	0	21243
