teste5 = [
0	0	0	100;
0	0	0	200;
0	0	0	300;
0	0	0	400;
0	0	0	500;
0	0	0	600;
0	0	0	700;
0	0	0	801;
0	0	0	901;
0	0	0	1001;
0	0	0	1101;
0	0	0	1201;
0	0	0	1301;
0	0	0	1401;
0	0	0	1502;
0	0	0	1602;
0	0	0	1702;
0	0	0	1802;
0	0	0	1902;
0	0	0	2002;
0	0	0	2102;
0	0	0	2202;
0	0	0	2303;
0.5	0	6	2403;
0.5	0.029	6	2503;
0.5	0.058	6	2603;
0.5	0.1015	6	2703;
0.5	0.1305	6	2803;
0.5	0.1595	6	2903;
0.5	0.203	6	3003;
0.5	0.2465	6	3104;
0.5	0.261	6	3204;
0.5	0.2755	6	3304;
0.5	0.319	6	3404;
0.5	0.319	6	3504;
0.5	0.348	6	3604;
0.5	0.377	6	3704;
0.5	0.3915	6	3804;
0.5	0.4205	6	3905;
0.5	0.4205	6	4005;
0.5	0.4495	6	4105;
0.5	0.4495	6	4205;
0.5	0.4785	6	4305;
0.5	0.493	6	4405;
0.5	0.5075	6	4505;
0.5	0.5075	6	4606;
0.5	0.522	6	4706;
0.5	0.5655	6	4806;
0.5	0.5655	6	4906;
0.5	0.58	6	5006;
0.5	0.5945	6	5106;
0.5	0.58	6	5206;
0.5	0.58	6	5307;
0.5	0.58	6	5407;
0.5	0.609	6	5507;
0.5	0.5945	6	5607;
0.5	0.609	6	5707;
0.5	0.6235	6	5807;
0.5	0.6235	6	5908;
0.5	0.638	6	6008;
0.5	0.638	6	6108;
0.5	1.2905	6	6208;
0.5	0.667	6	6308;
0.5	0.6525	6	6409;
0.5	0.667	6	6509;
0.5	0.667	6	6609;
0.5	0.6815	6	6709;
0.5	0.696	6	6809;
0.5	0.696	6	6909;
0.5	0.696	6	7010;
0.5	0.696	6	7110;
0.5	0.7105	6	7210;
0.5	0.7105	6	7310;
0.5	0.7105	6	7410;
0.5	0.7105	6	7510;
0.5	0.696	6	7611;
0.5	0.7105	6	7711;
0.5	0.7105	6	7811;
0.5	0.7105	6	7911;
0.5	0.7105	6	8011;
0.5	0.725	6	8112;
0.5	0.725	6	8212;
0.5	0.7395	6	8312;
0.5	0.725	6	8412;
0.5	0.7395	6	8512;
0.5	0.7395	6	8613;
0.6	0.7395	7.2	8713;
0.6	0.783	7.2	8813;
0.6	0.754	7.2	8913;
0.6	0.7685	7.2	9013;
0.6	0.7975	7.2	9113;
0.6	0.7975	7.2	9214;
0.6	0.783	7.2	9314;
0.6	0.812	7.2	9414;
0.6	0.812	7.2	9514;
0.6	0.8265	7.2	9614;
0.6	0.8265	7.2	9714;
0.6	0.841	7.2	9815;
0.6	0.8555	7.2	9915;
0.6	0.841	7.2	10015;
0.4	0.87	4.8	10115;
0.4	0.8555	4.8	10215;
0.4	0.841	4.8	10316;
0.4	0.841	4.8	10416;
0.4	0.8265	4.8	10516;
0.4	0.8265	4.8	10616;
0.4	0.812	4.8	10716;
0.4	0.7975	4.8	10817;
0.4	0.7975	4.8	10917;
0.4	0.7975	4.8	11017;
0.4	0.7685	4.8	11117;
0.4	0.7685	4.8	11217;
0.4	0.7685	4.8	11318;
0.4	0.7685	4.8	11418;
0.6	0.754	7.2	11518;
0.6	0.7685	7.2	11618;
0.6	0.783	7.2	11718;
0.6	0.7685	7.2	11818;
0.6	0.812	7.2	11919;
0.6	0.7975	7.2	12019;
0.6	0.841	7.2	12119;
0.6	0.8265	7.2	12219;
0.6	0.812	7.2	12319;
0.6	0.8265	7.2	12420;
0.6	0.841	7.2	12520;
0.6	0.841	7.2	12620;
0.6	0.8555	7.2	12720;
0.6	0.8555	7.2	12820;
0.4	0.8555	4.8	12920;
0.4	0.8555	4.8	13021;
0.4	0.812	4.8	13121;
0.4	0.8265	4.8	13221;
0.4	0.8265	4.8	13321;
0.4	0.812	4.8	13421;
0.4	0.812	4.8	13521;
0.4	0.7975	4.8	13622;
0.4	0.783	4.8	13722;
0.4	0.7685	4.8	13822;
0.4	0.7685	4.8	13922;
0.4	0.7685	4.8	14022;
0.4	0.7685	4.8	14122;
0.4	0.754	4.8	14223;
0.4	0.754	4.8	14323;
0.4	0.7395	4.8	14423;
0.4	0.7395	4.8	14523;
0.6	0.7395	7.2	14624;
0.6	0.754	7.2	14724;
0.6	0.7685	7.2	14824;
0.6	0.783	7.2	14925;
0.6	0.783	7.2	15025;
0.6	0.812	7.2	15125;
0.6	0.7975	7.2	15225;
0.6	0.7975	7.2	15326;
0.6	0.812	7.2	15426;
0.6	0.841	7.2	15526;
0.6	0.8265	7.2	15626;
0.6	0.841	7.2	15726;
0.6	0.8555	7.2	15826;
0.6	0.841	7.2	15927;
0.4	0.8845	4.8	16027;
0.4	0.841	4.8	16127;
0.4	0.8265	4.8	16227;
0.4	0.8265	4.8	16327;
0.4	0.8265	4.8	16427;
0.4	0.8265	4.8	16527;
0.4	0.812	4.8	16628;
0.4	0.812	4.8	16728;
0.4	0.783	4.8	16828;
0.4	0.783	4.8	16928;
0.4	0.7685	4.8	17028;
0.4	0.754	4.8	17128;
0.4	0.754	4.8	17228;
0.4	0.754	4.8	17328;
0.4	0.7395	4.8	17429;
0.4	0.725	4.8	17529;
0.4	0.7395	4.8	17629;
0	0.7105	0	17729;
0	0.696	0	17829;
0	0.6525	0	17929;
0	0.638	0	18029;
0	0.5945	0	18129;
0	0.5655	0	18230;
0	0.5365	0	18330;
0	0.5075	0	18430;
0	0.4785	0	18530;
0	0.464	0	18630;
0	0.435	0	18730;
0	0.406	0	18830;
0	0.377	0	18931;
0	0.377	0	19031;
0	0.348	0	19131;
0	0.3045	0	19231;
0	0.3045	0	19331;
0	0.29	0	19431;
0	0.261	0	19531;
0	0.261	0	19632;
0	0.232	0	19732;
0	0.232	0	19832;
0	0.203	0	19932;
0	0.203	0	20032;
0	0.174	0	20132;
0	0.174	0	20233;
0	0.145	0	20333;
0	0.145	0	20433;
0	0.1305	0	20533;
0	0.1015	0	20633;
0	0.1015	0	20733;
0	0.087	0	20833;
0	0.0725	0	20934;
0	0.058	0	21034;
0	0.058	0	21134;
0	0.029	0	21234;
0	0.029	0	21334;
0	0	0	21434;
0	0	0	21534;
0	0	0	21635;
0	0	0	21735;
0	0	0	21835;
0	0	0	21935;
0	0	0	22035;
0	0	0	22135;
0	0	0	22236;
0	0	0	22336;
0	0	0	22436;
0	0	0	22536];