teste2 = [
0	0	0	100;
0	0	0	200;
0	0	0	300;
0	0	0	400;
0	0	0	500;
0	0	0	600;
0	0	0	700;
0	0	0	801;
0	0	0	901;
0	0	0	1001;
0	0	0	1101;
0	0	0	1201;
0	0	0	1301;
0	0	0	1401;
0	0	0	1502;
0	0	0	1602;
0.5	0	6	1702;
0.5	0.029	6	1802;
0.5	0.058	6	1902;
0.5	0.087	6	2002;
0.5	0.1305	6	2102;
0.5	0.1595	6	2202;
0.5	0.1885	6	2303;
0.5	0.232	6	2403;
0.5	0.232	6	2503;
0.5	0.261	6	2603;
0.5	0.29	6	2703;
0.5	0.319	6	2803;
0.5	0.3335	6	2903;
0.5	0.3625	6	3004;
0.5	0.3625	6	3104;
0.5	0.3915	6	3204;
0.5	0.406	6	3304;
0.5	0.4205	6	3404;
0.5	0.435	6	3504;
0.5	0.4495	6	3605;
0.5	0.464	6	3705;
0.5	0.493	6	3805;
0.5	0.493	6	3905;
0.5	0.493	6	4005;
0.5	0.5075	6	4106;
0.5	0.522	6	4206;
0.5	0.5365	6	4306;
0.5	0.5365	6	4406;
0.5	0.5655	6	4506;
0.5	0.551	6	4607;
0.5	0.58	6	4707;
0.5	0.5945	6	4807;
0.5	0.5945	6	4907;
0.5	0.609	6	5007;
0.5	0.609	6	5107;
0.5	0.6235	6	5208;
0.5	0.638	6	5308;
0.5	0.6235	6	5408;
0.5	0.638	6	5508;
0.5	0.638	6	5608;
0.5	0.638	6	5709;
0.5	0.667	6	5809;
0.5	0.6525	6	5909;
0.5	0.6525	6	6009;
0.5	0.6525	6	6110;
0.5	0.667	6	6210;
0.5	0.6815	6	6310;
0.5	0.696	6	6410;
0.5	0.6815	6	6510;
0.5	0.696	6	6610;
0.5	0.696	6	6711;
0.5	0.696	6	6811;
0.5	0.7105	6	6911;
0.5	0.7105	6	7011;
0.5	0.7105	6	7111;
0.5	1.4065	6	7212;
0.5	0.7105	6	7312;
0.6	0.7105	7.2	7412;
0.6	0.725	7.2	7512;
0.6	0.725	7.2	7612;
0.6	0.7395	7.2	7713;
0.6	0.7685	7.2	7813;
0.6	0.7685	7.2	7913;
0.6	0.7685	7.2	8013;
0.6	0.7975	7.2	8113;
0.6	0.7975	7.2	8213;
0.6	0.812	7.2	8314;
0.6	0.812	7.2	8414;
0.6	0.812	7.2	8514;
0.6	0.8265	7.2	8614;
0.6	0.8265	7.2	8714;
0.6	0.841	7.2	8815;
0.6	0.841	7.2	8915;
0.6	0.8555	7.2	9015;
0.6	0.8555	7.2	9115;
0.6	0.8555	7.2	9215;
0.6	0.8845	7.2	9316;
0.6	0.87	7.2	9416;
0.6	0.87	7.2	9516;
0.6	0.899	7.2	9616;
0.6	0.8845	7.2	9716;
0.6	0.899	7.2	9816;
0.6	0.899	7.2	9917;
0.6	0.899	7.2	10017;
0.6	0.9135	7.2	10117;
0.6	0.9135	7.2	10217;
0.6	0.9135	7.2	10317;
0.6	0.928	7.2	10418;
0.6	0.9135	7.2	10518;
0.6	0.928	7.2	10618;
0.6	0.928	7.2	10718;
0.6	0.9425	7.2	10818;
0.6	0.928	7.2	10919;
0.6	0.9425	7.2	11019;
0.6	0.9425	7.2	11119;
0.6	0.9425	7.2	11219;
0.6	0.9425	7.2	11319;
0.6	0.9425	7.2	11419;
0.6	0.9425	7.2	11520;
0.6	0.9425	7.2	11620;
0.6	0.957	7.2	11720;
0.6	0.9425	7.2	11820;
0.6	0.957	7.2	11920;
0.6	0.957	7.2	12020;
0.4	0.9425	4.8	12121;
0.4	0.928	4.8	12221;
0.4	0.899	4.8	12321;
0.4	0.9135	4.8	12421;
0.4	0.8845	4.8	12521;
0.4	0.8845	4.8	12622;
0.4	0.87	4.8	12722;
0.4	0.8555	4.8	12822;
0.4	0.841	4.8	12922;
0.4	0.841	4.8	13022;
0.4	0.8265	4.8	13123;
0.4	0.8265	4.8	13223;
0.4	0.8265	4.8	13323;
0.4	0.812	4.8	13423;
0.4	0.812	4.8	13524;
0.4	0.783	4.8	13624;
0.4	0.783	4.8	13724;
0.4	0.7975	4.8	13824;
0.4	0.754	4.8	13925;
0.4	0.754	4.8	14025;
0.4	0.754	4.8	14125;
0.4	0.7395	4.8	14225;
0.4	0.7395	4.8	14326;
0.4	0.7395	4.8	14426;
0.4	0.725	4.8	14526;
0.4	0.7105	4.8	14626;
0.4	0.7105	4.8	14727;
0.4	0.7105	4.8	14827;
0.4	0.6815	4.8	14927;
0.4	0.6815	4.8	15027;
0.4	0.6815	4.8	15128;
0.4	0.6525	4.8	15228;
0.4	0.667	4.8	15328;
0.4	0.6815	4.8	15428;
0.4	0.6525	4.8	15528;
0.4	0.6525	4.8	15629;
0.4	0.6525	4.8	15729;
0	0.638	0	15829;
0	0.609	0	15929;
0	0.5945	0	16029;
0	0.551	0	16130;
0	0.5365	0	16230;
0	0.5075	0	16330;
0	0.4785	0	16430;
0	0.4495	0	16531;
0	0.4205	0	16631;
0	0.406	0	16731;
0	0.377	0	16831;
0	0.3625	0	16931;
0	0.348	0	17032;
0	0.3045	0	17132;
0	0.3045	0	17232;
0	0.29	0	17332;
0	0.261	0	17432;
0	0.2465	0	17533;
0	0.232	0	17633;
0	0.203	0	17733;
0	0.1885	0	17834;
0	0.174	0	17934;
0	0.1595	0	18034;
0	0.145	0	18134;
0	0.116	0	18234;
0	0.1015	0	18334;
0	0.087	0	18435;
0	0.087	0	18535;
0	0.058	0	18635;
0	0.058	0	18735;
0	0.029	0	18835;
0	0.0145	0	18936;
0	0	0	19036;
0	0	0	19136;
0	0.0145	0	19236;
0	0	0	19337;
0	0	0	19437;
0	0	0	19537;
0	0	0	19637;
0	0	0	19738;
0	0	0	19838;
0	0	0	19938;
0	0	0	20038;
0	0	0	20138;
0	0	0	20239;
0	0	0	20339;
0	0	0	20439;
0	0	0	20539;
0	0	0	20640;
0	0	0	20740;
0	0	0	20840;
0	0	0	20940;
0	0	0	21040;
0	0	0	21140;
0	0	0	21241;
0	0	0	21341;
0	0	0	21441;
0	0	0	21541;
0	0	0	21641;
0	0	0	21742;
0	0	0	21842;
0	0	0	21942;
0	0	0	22042;
0	0	0	22142;
0	0	0	22242;
0	0	0	22343;
0	0	0	22443];