teste4 = [
0	0	0	100;
0	0	0	200;
0	0	0	300;
0	0	0	400;
0	0	0	500;
0	0	0	601;
0	0	0	701;
0	0	0	801;
0	0	0	901;
0	0	0	1001;
0	0	0	1101;
0	0	0	1202;
0	0	0	1302;
0.5	0	6	1402;
0.5	0.029	6	1503;
0.5	0.058	6	1603;
0.5	0.087	6	1704;
0.5	0.1305	6	1804;
0.5	0.1595	6	1905;
0.5	0.174	6	2005;
0.5	0.2175	6	2105;
0.5	0.232	6	2206;
0.5	0.261	6	2306;
0.5	0.2755	6	2406;
0.5	0.3045	6	2506;
0.5	0.319	6	2606;
0.5	0.348	6	2706;
0.5	0.3625	6	2807;
0.5	0.3915	6	2907;
0.5	0.406	6	3007;
0.5	0.435	6	3107;
0.5	0.4495	6	3207;
0.5	0.464	6	3308;
0.5	0.464	6	3408;
0.5	0.493	6	3508;
0.5	0.493	6	3608;
0.5	0.5075	6	3708;
0.5	0.522	6	3809;
0.5	0.5075	6	3909;
0.5	0.5365	6	4009;
0.5	0.5365	6	4109;
0.5	0.551	6	4209;
0.5	0.551	6	4309;
0.5	0.58	6	4410;
0.5	0.58	6	4510;
0.5	0.5945	6	4610;
0.5	0.609	6	4710;
0.5	0.6235	6	4810;
0.5	0.6235	6	4910;
0.5	0.6235	6	5011;
0.5	0.638	6	5111;
0.711	0.667	8.532	5211;
1	0.6525	12	5311;
1	0.725	12	5411;
1	0.7975	12	5512;
0	0.841	0	5612;
0	0.783	0	5712;
0	0.7395	0	5812;
0	0.696	0	5913;
0	0.6525	0	6013;
0.618	0.638	7.416	6113;
1	0.638	12	6213;
1	0.7105	12	6313;
1	0.783	12	6414;
0.433	0.899	5.196	6514;
0.433	0.783	5.196	6614;
0.309	0.783	3.708	6714;
0.237	0.783	2.844	6815;
0.597	0.7685	7.164	6915;
0.639	0.754	7.668	7015;
0.989	0.7685	11.868	7115;
1	0.841	12	7215;
0.762	0.9715	9.144	7316;
0.762	0.8845	9.144	7416;
0.34	0.9135	4.08	7516;
0.34	0.899	4.08	7616;
0.36	0.8845	4.32	7716;
0.783	0.8555	9.396	7817;
1	0.8845	12	7917;
1	1.015	12	8017;
0.319	1.0585	3.828	8117;
0	0.9135	0	8217;
0	0.899	0	8319;
0	0.8555	0	8419;
0.144	0.8265	1.728	8520;
0.546	0.783	6.552	8620;
1	0.783	12	8720;
1	0.87	12	8820;
1	0.899	12	8920;
1	1.0005	12	9021;
0.061	1.0585	0.732	9121;
0	0.899	0	9221;
0	0.8845	0	9321;
0	0.8265	0	9421;
0.134	0.7975	1.608	9521;
0.742	0.754	8.904	9621;
0.752	0.7685	9.024	9722;
0.958	0.8265	11.496	9822;
0.226	0.928	2.712	9922;
0.02	0.7975	0.24	10022;
0	0.783	0	10122;
0.092	0.754	1.104	10222;
0.113	0.7105	1.356	10323;
0.618	0.696	7.416	10423;
0.938	0.696	11.256	10523;
0.938	0.8265	11.256	10623;
0.731	0.841	8.772	10723;
0	0.783	0	10824;
0	0.7685	0	10924;
0	0.725	0	11024;
0	0.667	0	11124;
1	0.667	12	11224;
1	0.7395	12	11324;
1	0.841	12	11425;
0.721	0.87	8.652	11525;
0.195	0.7975	2.34	11625;
0	0.7975	0	11725;
0	0.7395	0	11825;
0	0.725	0	11926;
0	0.6815	0	12026;
0	0.6525	0	12126;
0	0.609	0	12226;
0	0.5945	0	12326;
0	0.551	0	12426;
0	0.5365	0	12527;
0	0.5075	0	12627;
0	0.4785	0	12727;
0	0.464	0	12827;
0	0.435	0	12927;
0	0.435	0	13028;
0	0.3915	0	13128;
0	0.377	0	13228;
0	0.348	0	13328;
0	0.3335	0	13428;
0	0.3045	0	13528;
0	0.3045	0	13629;
0	0.2755	0	13729;
0	0.261	0	13829;
0	0.232	0	13929;
0	0.232	0	14029;
0	0.203	0	14129;
0	0.203	0	14229;
0	0.174	0	14330;
0	0.145	0	14430;
0	0.145	0	14530;
0	0.116	0	14630;
0	0.087	0	14730;
0	0.0725	0	14831;
0	0.0435	0	14931;
0	0.029	0	15031;
0	0	0	15131;
0	0	0	15231;
0	0.0145	0	15332;
0	0.0145	0	15432;
0	0	0	15532;
0	0	0	15632;
0	0	0	15732;
0	0	0	15832;
0	0	0	15933;
0	0	0	16033;
0	0	0	16133;
0	0	0	16233];