teste7 = [
0	0	0	100;
0	0	0	200;
0	0	0	300;
0	0	0	400;
0	0	0	500;
0	0	0	601;
0	0	0	701;
0	0	0	801;
0	0	0	901;
0	0	0	1001;
0	0	0	1101;
0	0	0	1201;
0	0	0	1302;
0	0	0	1402;
0	0	0	1502;
0	0	0	1602;
0	0	0	1702;
0	0	0	1802;
0	0	0	1902;
0	0	0	2003;
0	0	0	2103;
0	0	0	2203;
0	0	0	2303;
0	0	0	2403;
0	0	0	2503;
0	0	0	2603;
0.5	0	6	2703;
0.5	0.0145	6	2804;
0.5	0.0725	6	2904;
0.5	0.1015	6	3004;
0.5	0.1305	6	3104;
0.5	0.1595	6	3204;
0.5	0.203	6	3304;
0.5	0.232	6	3404;
0.5	0.261	6	3504;
0.5	0.2755	6	3605;
0.5	0.319	6	3705;
0.5	0.3335	6	3805;
0.5	0.3625	6	3905;
0.5	0.377	6	4005;
0.5	0.3915	6	4105;
0.5	0.4205	6	4206;
0.5	0.4205	6	4306;
0.5	0.464	6	4406;
0.5	0.4495	6	4506;
0.5	0.493	6	4606;
0.5	0.493	6	4707;
0.5	0.5075	6	4807;
0.5	0.5365	6	4907;
0.5	0.522	6	5007;
0.5	0.551	6	5108;
0.5	0.58	6	5208;
0.5	0.58	6	5308;
0.5	0.5945	6	5408;
0.5	0.5945	6	5508;
0.5	1.189	6	5608;
0.6	0.609	7.2	5709;
0.6	0.6235	7.2	5809;
0.6	0.638	7.2	5909;
0.6	0.638	7.2	6009;
0.6	0.667	7.2	6109;
0.6	0.667	7.2	6209;
0.6	0.696	7.2	6310;
0.6	0.7105	7.2	6410;
0.6	0.7395	7.2	6510;
0.6	0.725	7.2	6610;
0.6	0.754	7.2	6710;
0.6	0.754	7.2	6811;
0.6	0.7685	7.2	6911;
0.6	0.7975	7.2	7011;
0.6	0.7975	7.2	7111;
0.6	0.8265	7.2	7212;
0.6	0.7975	7.2	7312;
0.6	0.8265	7.2	7412;
0.4	0.8265	4.8	7512;
0.4	0.8265	4.8	7613;
0.4	0.812	4.8	7714;
0.4	0.783	4.8	7814;
0.4	0.7975	4.8	7914;
0.4	0.783	4.8	8014;
0.4	0.783	4.8	8115;
0.4	0.7685	4.8	8215;
0.4	0.783	4.8	8316;
0.4	0.783	4.8	8417;
0.4	0.754	4.8	8517;
0.4	0.7685	4.8	8617;
0.4	0.754	4.8	8717;
1	0.754	12	8817;
1	0.8555	12	8918;
1	0.899	12	9018;
1	0.928	12	9118;
1	0.986	12	9218;
1	1.015	12	9318;
1	1.073	12	9418;
1	1.073	12	9519;
1	1.131	12	9619;
1	1.189	12	9719;
1	1.1745	12	9819;
1	1.2615	12	9919;
1	1.218	12	10020;
1	1.2325	12	10120;
1	1.247	12	10220;
1	1.334	12	10320;
1	1.2905	12	10420;
1	1.3485	12	10520;
1	1.3775	12	10621;
1	1.3775	12	10721;
1	1.4355	12	10821;
1	1.479	12	10921;
1	1.45	12	11021;
1	1.4645	12	11122;
1	1.479	12	11222;
1	1.479	12	11322;
1	1.537	12	11422;
1	1.566	12	11522;
1	1.6385	12	11622;
1	1.6385	12	11723;
1	1.5805	12	11823;
1	1.595	12	11923;
1	1.6095	12	12023;
1	1.6095	12	12123;
1	1.6095	12	12223;
1	1.595	12	12323;
1	1.653	12	12423;
1	1.624	12	12524;
0	1.711	0	12624;
0	1.5805	0	12724;
0	1.45	0	12825;
0	1.363	0	12925;
0	1.305	0	13025;
0	1.276	0	13126;
0	1.218	0	13226;
0	1.247	0	13326;
0	1.1455	0	13426;
0	1.102	0	13526;
0	1.015	0	13626;
0	0.9715	0	13726;
0	0.957	0	13826;
0	0.9135	0	13927;
0	0.841	0	14027;
0	0.8265	0	14127;
0	0.812	0	14227;
0	0.754	0	14327;
0	0.725	0	14427;
0	0.696	0	14527;
0	0.638	0	14628;
0	0.6235	0	14728;
0	0.5945	0	14828;
0	0.58	0	14928;
0	0.522	0	15028;
0	0.522	0	15128;
0	0.493	0	15228;
0	0.464	0	15329;
0	0.435	0	15429;
0	0.4205	0	15529;
0	0.3915	0	15629;
0	0.377	0	15729;
0	0.3625	0	15829;
0	0.3335	0	15930;
0	0.3045	0	16030;
0	0.3045	0	16130;
0	0.261	0	16230;
0	0.261	0	16331;
0	0.2465	0	16431;
0	0.2175	0	16531;
0	0.2175	0	16631;
0	0.1885	0	16732;
0	0.1885	0	16832;
0	0.1595	0	16932;
0	0.145	0	17032;
0	0.145	0	17133;
0	0.116	0	17233;
0	0.116	0	17333;
0	0.1015	0	17434;
0	0.0725	0	17534;
0	0.087	0	17634;
0	0.058	0	17735;
0	0.0435	0	17835;
0	0.029	0	17935;
0	0.0145	0	18035;
0	0.0145	0	18136;
0	0.0145	0	18236;
0	0	0	18336;
0	0	0	18437;
0	0	0	18537;
0	0	0	18637;
0	0	0	18737;
0	0	0	18838;
0	0	0	18938;
0	0	0	19038;
0	0	0	19139;
0	0	0	19239;
0	0	0	19339;
0	0	0	19440];