teste3 = [
0	0	0	100;
0	0	0	200;
0	0	0	300;
0	0	0	400;
0	0	0	500;
0	0	0	600;
0	0	0	700;
0	0	0	801;
0	0	0	901;
0	0	0	1001;
0	0	0	1101;
0	0	0	1201;
0	0	0	1301;
0	0	0	1401;
0	0	0	1502;
0	0	0	1602;
0	0	0	1702;
0	0	0	1802;
0	0	0	1902;
0	0	0	2002;
0	0	0	2102;
0	0	0	2202;
0	0	0	2303;
0	0	0	2403;
0	0	0	2503;
0	0	0	2603;
0	0	0	2703;
0	0	0	2803;
0	0	0	2903;
0	0	0	3004;
0	0	0	3104;
0	0	0	3204;
0	0	0	3304;
0	0	0	3404;
0	0	0	3504;
0.5	0	6	3604;
0.5	0.0435	6	3704;
0.5	0.058	6	3805;
0.5	0.1015	6	3905;
0.5	0.145	6	4005;
0.5	0.1595	6	4105;
0.5	0.203	6	4205;
0.5	0.232	6	4305;
0.5	0.2755	6	4405;
0.5	0.2755	6	4505;
0.5	0.3045	6	4606;
0.5	0.3335	6	4706;
0.5	0.348	6	4806;
0.5	0.377	6	4906;
0.5	0.377	6	5006;
0.5	0.406	6	5106;
0.5	0.435	6	5207;
0.5	0.4495	6	5307;
0.5	0.4495	6	5407;
0.5	0.493	6	5507;
0.5	0.4785	6	5607;
0.5	0.5075	6	5707;
0.5	0.522	6	5808;
0.5	0.5365	6	5908;
0.5	0.551	6	6008;
0.5	0.5655	6	6108;
0.5	0.5655	6	6208;
0.5	0.58	6	6309;
0.5	0.58	6	6409;
0.5	0.58	6	6509;
0.5	0.5945	6	6609;
0.5	0.5945	6	6709;
0.5	0.5945	6	6809;
0.5	0.609	6	6910;
0.5	0.609	6	7010;
0.5	0.638	6	7110;
0.5	0.638	6	7210;
0.5	0.638	6	7310;
0.5	0.638	6	7411;
0.5	0.6525	6	7511;
0.5	0.667	6	7611;
0.5	0.6525	6	7711;
0.5	0.667	6	7811;
0.5	0.6815	6	7911;
0.5	0.6815	6	8012;
0.5	0.696	6	8112;
0.5	0.696	6	8212;
0.5	0.696	6	8312;
0.5	0.7105	6	8412;
0.5	0.696	6	8512;
0.5	0.7105	6	8613;
0.5	0.7105	6	8713;
0.5	0.7105	6	8813;
0.5	0.696	6	8913;
0.5	0.7105	6	9013;
0.5	0.7105	6	9114;
0.5	0.696	6	9214;
0.5	0.7105	6	9314;
0.5	0.7395	6	9414;
0.5	0.725	6	9514;
0.5	0.725	6	9614;
0.5	0.725	6	9715;
0.5	0.725	6	9815;
0.5	1.45	6	9915;
0.5	0.754	6	10015;
0.5	0.754	6	10115;
0.5	0.7395	6	10216;
0.5	0.783	6	10316;
0.5	0.754	6	10416;
0.5	0.754	6	10516;
0.4	0.7395	4.8	10616;
0.4	0.7685	4.8	10716;
0.4	0.7395	4.8	10817;
0.4	0.7395	4.8	10917;
0.4	0.7395	4.8	11017;
0.4	0.7105	4.8	11117;
0.4	0.725	4.8	11217;
0.4	0.725	4.8	11317;
0.4	0.7105	4.8	11418;
0.4	0.725	4.8	11518;
0.4	0.7105	4.8	11618;
0.4	0.696	4.8	11718;
0.4	0.696	4.8	11818;
0.4	0.696	4.8	11918;
0.4	0.667	4.8	12019;
0.4	0.6815	4.8	12119;
0.4	0.6815	4.8	12219;
0.4	0.667	4.8	12319;
0.4	0.667	4.8	12419;
0.4	0.6815	4.8	12520;
0.4	0.6525	4.8	12620;
0.4	0.667	4.8	12720;
0.4	0.6525	4.8	12820;
0.4	0.6525	4.8	12920;
0.4	0.638	4.8	13020;
0.4	0.6525	4.8	13121;
0.4	0.638	4.8	13221;
0.4	0.638	4.8	13321;
0.4	0.638	4.8	13421;
0.4	0.638	4.8	13521;
0.4	0.638	4.8	13621;
0.4	0.6235	4.8	13722;
0.4	0.6235	4.8	13822;
0.4	0.638	4.8	13922;
0.4	0.6235	4.8	14022;
0.4	0.609	4.8	14122;
0.4	0.638	4.8	14223;
0.4	0.609	4.8	14323;
0.4	0.609	4.8	14423;
0.4	0.609	4.8	14523;
0.4	0.609	4.8	14623;
0.4	0.6235	4.8	14723;
0.4	0.5945	4.8	14824;
0.4	0.609	4.8	14924;
0.4	0.609	4.8	15024;
0.4	0.5945	4.8	15124;
0.6	0.5945	7.2	15224;
0.6	0.6235	7.2	15325;
0.6	0.6525	7.2	15425;
0.6	0.6815	7.2	15525;
0.6	0.667	7.2	15625;
0.6	0.7105	7.2	15725;
0.6	0.7105	7.2	15825;
0.6	0.696	7.2	15926;
0.6	0.725	7.2	16026;
0.6	0.7105	7.2	16126;
0.6	0.754	7.2	16226;
0.6	0.754	7.2	16326;
0.6	0.7685	7.2	16427;
0.6	0.7685	7.2	16527;
0.6	0.7975	7.2	16627;
0.6	0.783	7.2	16727;
0.6	0.812	7.2	16828;
0.6	0.8265	7.2	16928;
0.6	0.812	7.2	17028;
0.6	0.8265	7.2	17128;
0.6	0.812	7.2	17228;
0.6	0.841	7.2	17329;
0.6	0.8555	7.2	17429;
0.6	0.8555	7.2	17529;
0.6	0.841	7.2	17629;
0.6	0.841	7.2	17729;
0.6	0.8555	7.2	17830;
0.6	0.8555	7.2	17930;
0.6	0.8555	7.2	18030;
0.6	0.87	7.2	18130;
0.6	0.8845	7.2	18230;
0.6	0.8845	7.2	18330;
0.6	0.899	7.2	18431;
0.6	0.87	7.2	18531;
0.6	0.8845	7.2	18631;
0.6	0.9135	7.2	18731;
0.6	0.928	7.2	18831;
0.6	0.899	7.2	18931;
0.6	0.899	7.2	19032;
0.6	0.9135	7.2	19132;
0.6	0.9135	7.2	19232;
0.6	0.899	7.2	19332;
0.6	0.9135	7.2	19432;
0.6	0.9135	7.2	19533;
0.6	0.9135	7.2	19633;
0.6	0.928	7.2	19733;
0.6	0.9135	7.2	19834;
0.5	0.928	6	19934;
0.5	0.9135	6	20034;
0.5	0.9135	6	20135;
0.5	0.9135	6	20235;
0.5	0.9135	6	20335;
0.5	0.899	6	20436;
0.5	0.899	6	20536;
0.5	0.8845	6	20636;
0.5	0.899	6	20736;
0.5	0.8845	6	20837;
0.5	0.87	6	20937;
0.5	0.87	6	21037;
0.5	0.8555	6	21137;
0.5	0.87	6	21238;
0.5	0.8555	6	21338;
0.5	0.8555	6	21438;
0.5	0.8555	6	21538;
0	0.8555	0	21638;
0	0.7975	0	21739;
0	0.7685	0	21839;
0	0.754	0	21939;
0	0.7105	0	22039;
0	0.6815	0	22139;
0	0.638	0	22240;
0	0.6235	0	22340;
0	0.5945	0	22440;
0	0.551	0	22540;
0	0.522	0	22640;
0	0.493	0	22740;
0	0.4785	0	22841;
0	0.4495	0	22941;
0	0.4205	0	23041;
0	0.4205	0	23141;
0	0.377	0	23241;
0	0.377	0	23342;
0	0.348	0	23442;
0	0.3045	0	23542;
0	0.2465	0	23642;
0	0.1595	0	23742;
0	0.0435	0	23842;
0	0.0435	0	23943;
0	0.058	0	24043;
0	0.058	0	24143;
0	0.058	0	24243;
0	0.0435	0	24343;
0	0.0435	0	24443;
0	0.029	0	24544;
0	0.0145	0	24644;
0	0.0145	0	24744;
0	0	0	24844;
0	0	0	24944;
0	0	0	25045;
0	0	0	25145;
0	0	0	25245;
0	0	0	25345;
0	0	0	25445;
0	0	0	25545;
0	0	0	25646;
0	0	0	25746;
0	0	0	25846;
0	0	0	25946;
0	0.0435	0	26046;
0	0.058	0	26147;
0	0.1015	0	26247;
0	0.1015	0	26347;
0	0.116	0	26448;
0	0.087	0	26548;
0	0.1015	0	26648;
0	0.1015	0	26748;
0	0.087	0	26848];