teste6 = [
0	0	0	100;
0	0	0	200;
0	0	0	300;
0	0	0	400;
0	0	0	500;
0	0	0	600;
0	0	0	700;
0	0	0	801;
0	0	0	901;
0	0	0	1001;
0	0	0	1101;
0	0	0	1201;
0	0	0	1301;
0	0	0	1401;
0.5	0	6	1501;
0.5	0.0145	6	1602;
0.5	0.0435	6	1702;
0.5	0.087	6	1802;
0.5	0.1305	6	1902;
0.5	0.145	6	2002;
0.5	0.1885	6	2102;
0.5	0.203	6	2202;
0.5	0.232	6	2302;
0.5	0.261	6	2403;
0.5	0.29	6	2503;
0.5	0.3045	6	2603;
0.5	0.3335	6	2703;
0.5	0.3625	6	2803;
0.5	0.377	6	2903;
0.5	0.3915	6	3003;
0.5	0.4205	6	3104;
0.5	0.435	6	3204;
0.5	0.4495	6	3304;
0.5	0.464	6	3404;
0.5	0.4785	6	3504;
0.5	0.493	6	3604;
0.5	0.5075	6	3704;
0.5	0.522	6	3804;
0.5	0.5365	6	3905;
0.5	0.5365	6	4005;
1	0.5655	12	4105;
1	0.6235	12	4205;
1	0.7105	12	4305;
1	0.7685	12	4405;
1	0.8265	12	4505;
1	0.87	12	4606;
1	0.9425	12	4706;
1	1.0005	12	4806;
1	1.0005	12	4906;
1	1.0295	12	5006;
1	1.102	12	5106;
1	1.1455	12	5207;
1	1.16	12	5307;
1	1.218	12	5407;
1	1.247	12	5507;
1	1.247	12	5607;
1	1.2325	12	5707;
1	1.247	12	5808;
1	1.2905	12	5908;
1	1.2905	12	6008;
1	1.276	12	6108;
1	1.3775	12	6208;
1	1.305	12	6309;
1	1.4065	12	6409;
1	1.479	12	6509;
1	1.4065	12	6609;
1	1.479	12	6709;
1	1.479	12	6810;
1	1.4935	12	6910;
1	1.537	12	7010;
1	1.4935	12	7110;
1	1.508	12	7210;
1	1.537	12	7310;
1	1.566	12	7411;
1	1.5225	12	7511;
1	1.508	12	7611;
1	1.5515	12	7711;
1	1.5805	12	7811;
1	1.6095	12	7912;
1	1.5805	12	8012;
1	1.595	12	8112;
1	1.5805	12	8212;
1	1.6095	12	8313;
1	1.6095	12	8413;
1	1.6385	12	8513;
1	1.624	12	8613;
1	1.624	12	8713;
1	1.653	12	8813;
1	1.624	12	8914;
1	1.6385	12	9014;
1	1.653	12	9114;
1	1.682	12	9214;
1	1.653	12	9314;
1	1.6965	12	9415;
1	1.682	12	9515;
1	1.711	12	9615;
1	1.6675	12	9715;
1	1.682	12	9815;
0	1.6965	0	9915;
0	1.7255	0	10016;
0	1.537	0	10116;
0	1.3485	0	10216;
0	1.334	0	10316;
0	1.276	0	10416;
0	1.3195	0	10516;
0	1.2035	0	10617;
0	1.218	0	10717;
0	1.131	0	10817;
0	1.0875	0	10917;
0	1.0295	0	11018;
0	0.986	0	11118;
0	0.9425	0	11218;
0	0.9135	0	11318;
0	0.87	0	11418;
0	0.8265	0	11519;
0	0.7975	0	11619;
0	0.7685	0	11719;
0	0.7395	0	11819;
0	0.696	0	11919;
0	0.6525	0	12019;
0	0.6235	0	12120;
0	0.5945	0	12220;
0	0.5655	0	12320;
0	0.5365	0	12420;
0	0.5075	0	12520;
0	0.4785	0	12620;
0	0.4785	0	12721;
0	0.435	0	12821;
0	0.406	0	12921;
0	0.406	0	13021;
0	0.3625	0	13121;
0	0.348	0	13221;
0	0.3335	0	13322;
0	0.3045	0	13422;
0	0.3045	0	13522;
0	0.2755	0	13622;
0	0.261	0	13722;
0	0.2465	0	13823;
0	0.2465	0	13923;
0	0.232	0	14023;
0	0.2175	0	14123;
0	0.203	0	14223;
0	0.1885	0	14323;
0	0.1885	0	14424;
0	0.1595	0	14524;
0	0.1595	0	14624;
0	0.145	0	14724;
0	0.116	0	14824;
0	0.116	0	14925;
0	0.116	0	15025;
0	0.087	0	15125;
0	0.087	0	15225;
0	0.174	0	15325;
0	0.0725	0	15426;
0	0.058	0	15526;
0	0.0435	0	15626;
0	0.058	0	15726;
0	0.029	0	15827;
0	0.029	0	15927;
0	0.0145	0	16027;
0	0	0	16127;
0	0	0	16228;
0	0	0	16328;
0	0	0	16428;
0	0	0	16528;
0	0	0	16628;
0	0	0	16728;
0	0	0	16829;
0	0	0	16929;
0	0	0	17029;
0	0	0	17129;
0	0	0	17229;
0	0	0	17330];