teste1 = [
0	0	0	100;
0	0	0	200;
0	0	0	300;
0	0	0	400;
0	0	0	500;
0	0	0	600;
0	0	0	700;
0	0	0	801;
0	0	0	901;
0	0	0	1001;
0	0	0	1101;
0	0	0	1201;
0	0	0	1301;
0	0	0	1401;
0	0	0	1502;
0	0	0	1602;
0	0	0	1702;
0	0	0	1802;
0	0	0	1902;
0	0	0	2002;
0.5	0	6	2102;
0.5	0.029	6	2202;
0.5	0.058	6	2303;
0.5	0.1015	6	2403;
0.5	0.1305	6	2503;
0.5	0.174	6	2603;
0.5	0.1885	6	2703;
0.5	0.232	6	2803;
0.5	0.261	6	2903;
0.5	0.2755	6	3004;
0.5	0.3045	6	3104;
0.5	0.319	6	3204;
0.5	0.348	6	3304;
0.5	0.3625	6	3404;
0.5	0.3915	6	3504;
0.5	0.406	6	3604;
0.5	0.4205	6	3704;
0.5	0.4495	6	3805;
0.5	0.4495	6	3905;
0.5	0.4785	6	4005;
0.5	0.493	6	4105;
0.5	0.5075	6	4205;
0.5	0.5075	6	4305;
0.5	0.5365	6	4405;
0.5	0.5365	6	4505;
0.5	0.5655	6	4606;
0.5	0.5655	6	4706;
0.5	0.58	6	4806;
0.5	0.5655	6	4906;
0.5	0.5945	6	5006;
0.5	0.58	6	5106;
0.5	0.5945	6	5207;
0.5	0.609	6	5307;
0.5	0.609	6	5407;
0.5	0.609	6	5508;
0.5	0.6235	6	5608;
0.5	0.638	6	5708;
0.5	0.638	6	5809;
0.5	0.638	6	5909;
0.5	0.6525	6	6009;
0.5	0.6525	6	6109;
0.5	0.667	6	6209;
0.5	0.667	6	6309;
0.5	0.6815	6	6410;
0.5	0.667	6	6510;
0.5	0.6815	6	6610;
0.5	0.6815	6	6710;
0.5	0.6815	6	6810;
0.5	0.696	6	6910;
0.5	0.6815	6	7011;
0.5	0.6815	6	7111;
0.5	0.696	6	7211;
0.5	0.696	6	7311;
0.5	0.7105	6	7411;
0.5	0.7105	6	7511;
0.6	0.7105	7.2	7612;
0.6	0.725	7.2	7712;
0.6	0.7105	7.2	7812;
0.6	0.7395	7.2	7912;
0.6	0.754	7.2	8012;
0.6	0.754	7.2	8113;
0.6	0.754	7.2	8213;
0.6	0.7685	7.2	8313;
0.6	0.783	7.2	8413;
0.6	0.7685	7.2	8514;
0.6	0.7975	7.2	8614;
0.6	0.783	7.2	8714;
0.6	0.812	7.2	8814;
0.6	0.7975	7.2	8915;
0.6	0.8265	7.2	9015;
0.6	0.812	7.2	9115;
0.6	0.841	7.2	9215;
0.6	0.8265	7.2	9315;
0.6	0.8555	7.2	9416;
0.6	0.8555	7.2	9516;
0.6	0.8555	7.2	9616;
0.6	0.87	7.2	9716;
0.6	0.87	7.2	9816;
0.6	0.87	7.2	9916;
0.6	0.8845	7.2	10017;
0.6	0.8845	7.2	10117;
0.6	0.9135	7.2	10217;
0.4	0.899	4.8	10317;
0.4	0.8845	4.8	10418;
0.4	0.87	4.8	10518;
0.4	0.8555	4.8	10618;
0.4	0.87	4.8	10719;
0.4	0.841	4.8	10819;
0.4	0.841	4.8	10919;
0.4	0.841	4.8	11019;
0.4	0.8265	4.8	11119;
0.4	0.8265	4.8	11220;
0.4	0.812	4.8	11320;
0.4	0.812	4.8	11420;
0.4	0.812	4.8	11520;
0.4	0.7975	4.8	11620;
0.4	0.783	4.8	11721;
0.4	0.783	4.8	11821;
0.4	0.7685	4.8	11921;
0.4	0.783	4.8	12021;
0.4	0.754	4.8	12121;
0.4	0.754	4.8	12222;
0.4	0.754	4.8	12322;
0.4	0.754	4.8	12422;
0.4	0.725	4.8	12522;
0	0.7395	0	12622;
0	0.696	0	12722;
0	0.667	0	12823;
0	0.6235	0	12923;
0	0.609	0	13023;
0	0.58	0	13123;
0	0.5365	0	13223;
0	0.522	0	13323;
0	0.5075	0	13423;
0	0.464	0	13524;
0	0.464	0	13624;
0	0.4205	0	13724;
0	0.406	0	13824;
0	0.377	0	13924;
0	0.3625	0	14024;
0	0.319	0	14124;
0	0.319	0	14225;
0	0.29	0	14325;
0	0.29	0	14425;
0	0.2465	0	14525;
0	0.2465	0	14625;
0	0.2175	0	14725;
0	0.203	0	14825;
0	0.1885	0	14925;
0	0.174	0	15026;
0	0.174	0	15126;
0	0.145	0	15226;
0	0.1305	0	15326;
0	0.116	0	15426;
0	0.1015	0	15526;
0	0.1015	0	15626;
0	0.0725	0	15726;
0	0.0725	0	15827;
0	0.0435	0	15927;
0	0.029	0	16027;
0	0.029	0	16127;
0	0	0	16227;
0	0	0	16327];